9.749944	0.000264
9.749792	0.000724
9.749373	0.001984
9.748231	0.005412
9.745229	0.014235
9.738911	0.029951
9.732234	0.031650
9.728433	0.018020
9.724633	0.018016
9.720833	0.018013
9.717034	0.018009
9.713236	0.018006
9.709438	0.018002
9.705642	0.017999
9.701846	0.017995
9.698050	0.017992
9.694256	0.017988
9.690462	0.017985
9.686669	0.017981
9.682877	0.017978
9.679085	0.017974
9.675294	0.017971
9.671504	0.017967
9.667715	0.017964
9.663926	0.017961
9.660138	0.017957
9.656351	0.017954
9.652564	0.017950
9.648778	0.017947
9.644993	0.017943
9.641209	0.017940
9.637426	0.017936
9.633643	0.017933
9.629861	0.017929
9.626080	0.017926
9.622299	0.017922
9.618519	0.017919
9.614740	0.017915
9.610962	0.017912
9.607184	0.017908
9.603407	0.017905
9.599631	0.017901
9.595855	0.017898
9.592081	0.017894
9.588307	0.017891
9.584534	0.017887
9.580761	0.017884
9.576989	0.017880
9.573218	0.017877
9.569448	0.017873
9.565679	0.017870
9.561910	0.017866
9.558142	0.017863
9.554375	0.017859
9.550608	0.017856
9.546842	0.017852
9.543077	0.017849
9.539313	0.017845
9.535549	0.017842
9.531786	0.017838
9.528024	0.017835
9.524263	0.017831
9.520502	0.017828
9.516742	0.017824
9.512983	0.017821
9.509225	0.017817
9.505467	0.017813
9.501710	0.017810
9.497954	0.017806
9.494199	0.017803
9.490444	0.017799
9.486690	0.017796
9.482937	0.017792
9.479184	0.017789
9.475433	0.017785
9.471682	0.017782
9.467931	0.017778
9.464182	0.017775
9.460433	0.017771
9.456685	0.017768
9.452938	0.017764
9.449191	0.017761
9.445446	0.017757
9.441701	0.017754
9.437956	0.017750
9.434213	0.017747
9.430470	0.017743
9.426728	0.017739
9.422987	0.017736
9.419246	0.017732
9.415506	0.017729
9.411767	0.017725
9.408029	0.017722
9.404291	0.017718
9.400554	0.017715
9.396818	0.017711
9.393083	0.017708
9.389348	0.017704
9.385615	0.017701
9.381882	0.017697
9.378149	0.017693
9.374418	0.017690
9.370687	0.017686
9.366957	0.017683
9.363227	0.017679
9.359499	0.017676
9.355771	0.017672
9.352044	0.017669
9.348317	0.017665
9.344592	0.017661
9.340867	0.017658
9.337143	0.017654
9.333420	0.017651
9.329697	0.017647
9.325975	0.017644
9.322254	0.017640
9.318534	0.017637
9.314814	0.017633
9.311095	0.017629
9.307377	0.017626
9.303660	0.017622
9.299943	0.017619
9.296227	0.017615
9.292512	0.017612
9.288798	0.017608
9.285084	0.017605
9.281372	0.017601
9.277659	0.017597
9.273948	0.017594
9.270238	0.017590
9.266528	0.017587
9.262819	0.017583
9.259110	0.017580
9.255403	0.017576
9.251696	0.017572
9.247990	0.017569
9.244285	0.017565
9.240580	0.017562
9.236876	0.017558
9.233173	0.017555
9.229471	0.017551
9.225769	0.017547
9.222069	0.017544
9.218369	0.017540
9.214669	0.017537
9.210971	0.017533
9.207273	0.017530
9.203576	0.017526
9.199880	0.017522
9.196184	0.017519
9.192489	0.017515
9.188795	0.017512
9.185102	0.017508
9.181410	0.017504
9.177718	0.017501
9.174027	0.017497
9.170337	0.017494
9.166647	0.017490
9.162959	0.017486
9.159271	0.017483
9.155584	0.017479
9.151897	0.017476
9.148212	0.017472
9.144527	0.017469
9.140843	0.017465
9.137159	0.017461
9.133477	0.017458
9.129795	0.017454
9.126114	0.017451
9.122433	0.017447
9.118754	0.017443
9.115075	0.017440
9.111397	0.017436
9.107719	0.017433
9.104043	0.017429
9.100367	0.017425
9.096692	0.017422
9.093018	0.017418
9.089344	0.017415
9.085672	0.017411
9.082000	0.017407
9.078328	0.017404
9.074658	0.017400
9.070988	0.017397
9.067319	0.017393
9.063651	0.017389
9.059984	0.017386
9.056317	0.017382
9.052651	0.017378
9.048986	0.017375
9.045322	0.017371
9.041658	0.017368
9.037995	0.017364
9.034333	0.017360
9.030672	0.017357
9.027011	0.017353
9.023351	0.017350
9.019692	0.017346
9.016034	0.017342
9.012377	0.017339
9.008720	0.017335
9.005064	0.017331
9.001409	0.017328
8.997754	0.017324
8.994100	0.017321
8.990448	0.017317
8.986795	0.017313
8.983144	0.017310
8.979493	0.017306
8.975843	0.017302
8.972194	0.017299
8.968546	0.017295
8.964898	0.017292
8.961252	0.017288
8.957606	0.017284
8.953960	0.017281
8.950316	0.017277
8.946672	0.017273
8.943029	0.017270
8.939387	0.017266
8.935745	0.017263
8.932105	0.017259
8.928465	0.017255
8.924826	0.017252
8.921187	0.017248
8.917550	0.017244
8.913913	0.017241
8.910277	0.017237
8.906642	0.017233
8.903007	0.017230
8.899373	0.017226
8.895740	0.017222
8.892108	0.017219
8.888477	0.017215
8.884846	0.017212
8.881216	0.017208
8.877587	0.017204
8.873958	0.017201
8.870331	0.017197
8.866704	0.017193
8.863078	0.017190
8.859453	0.017186
8.855828	0.017182
8.852204	0.017179
8.848581	0.017175
8.844959	0.017171
8.841338	0.017168
8.837717	0.017164
8.834097	0.017160
8.830478	0.017157
8.826859	0.017153
8.823242	0.017150
8.819625	0.017146
8.816009	0.017142
8.812394	0.017139
8.808779	0.017135
8.805165	0.017131
8.801552	0.017128
8.797940	0.017124
8.794329	0.017120
8.790718	0.017117
8.787108	0.017113
8.783499	0.017109
8.779891	0.017106
8.776283	0.017102
8.772677	0.017098
8.769070	0.017095
8.765465	0.017091
8.761861	0.017087
8.758257	0.017084
8.754654	0.017080
8.751052	0.017076
8.747451	0.017073
8.743850	0.017069
8.740250	0.017065
8.736651	0.017062
8.733053	0.017058
8.729455	0.017054
8.725859	0.017051
8.722263	0.017047
8.718668	0.017043
8.715073	0.017040
8.711479	0.017036
8.707887	0.017032
8.704295	0.017029
8.700703	0.017025
8.697113	0.017021
8.693523	0.017017
8.689934	0.017014
8.686346	0.017010
8.682758	0.017006
8.679172	0.017003
8.675586	0.016999
8.672001	0.016995
8.668417	0.016992
8.664833	0.016988
8.661250	0.016984
8.657668	0.016981
8.654087	0.016977
8.650507	0.016973
8.646927	0.016970
8.643348	0.016966
8.639770	0.016962
8.636193	0.016959
8.632616	0.016955
8.629040	0.016951
8.625465	0.016947
8.621891	0.016944
8.618318	0.016940
8.614745	0.016936
8.611173	0.016933
8.607602	0.016929
8.604032	0.016925
8.600462	0.016922
8.596894	0.016918
8.593326	0.016914
8.589759	0.016910
8.586192	0.016907
8.582627	0.016903
8.579062	0.016899
8.575498	0.016896
8.571934	0.016892
8.568372	0.016888
8.564810	0.016885
8.561249	0.016881
8.557689	0.016877
8.554130	0.016873
8.550571	0.016870
8.547013	0.016866
8.543456	0.016862
8.539900	0.016859
8.536345	0.016855
8.532790	0.016851
8.529236	0.016848
8.525683	0.016844
8.522131	0.016840
8.518579	0.016836
8.515028	0.016833
8.511478	0.016829
8.507929	0.016825
8.504381	0.016822
8.500833	0.016818
8.497286	0.016814
8.493740	0.016810
8.490195	0.016807
8.486650	0.016803
8.483107	0.016799
8.479564	0.016796
8.476022	0.016792
8.472480	0.016788
8.468940	0.016784
8.465400	0.016781
8.461861	0.016777
8.458323	0.016773
8.454785	0.016769
8.451249	0.016766
8.447713	0.016762
8.444178	0.016758
8.440643	0.016755
8.437110	0.016751
8.433577	0.016747
8.430045	0.016743
8.426514	0.016740
8.422984	0.016736
8.419454	0.016732
8.415925	0.016729
8.412397	0.016725
8.408870	0.016721
8.405344	0.016717
8.401818	0.016714
8.398293	0.016710
8.394769	0.016706
8.391246	0.016702
8.387723	0.016699
8.384201	0.016695
8.380681	0.016691
8.377160	0.016687
8.373641	0.016684
8.370122	0.016680
8.366605	0.016676
8.363088	0.016673
8.359572	0.016669
8.356056	0.016665
8.352542	0.016661
8.349028	0.016658
8.345515	0.016654
8.342002	0.016650
8.338491	0.016646
8.334980	0.016643
8.331470	0.016639
8.327961	0.016635
8.324453	0.016631
8.320945	0.016628
8.317439	0.016624
8.313933	0.016620
8.310428	0.016616
8.306923	0.016613
8.303420	0.016609
8.299917	0.016605
8.296415	0.016601
8.292914	0.016598
8.289413	0.016594
8.285914	0.016590
8.282415	0.016586
8.278917	0.016583
8.275420	0.016579
8.271923	0.016575
8.268428	0.016571
8.264933	0.016568
8.261439	0.016564
8.257945	0.016560
8.254453	0.016556
8.250961	0.016553
8.247470	0.016549
8.243980	0.016545
8.240491	0.016541
8.237002	0.016538
8.233515	0.016534
8.230028	0.016530
8.226541	0.016526
8.223056	0.016523
8.219572	0.016519
8.216088	0.016515
8.212605	0.016511
8.209123	0.016508
8.205641	0.016504
8.202161	0.016500
8.198681	0.016496
8.195202	0.016492
8.191724	0.016489
8.188246	0.016485
8.184770	0.016481
8.181294	0.016477
8.177819	0.016474
8.174344	0.016470
8.170871	0.016466
8.167398	0.016462
8.163927	0.016459
8.160455	0.016455
8.156985	0.016451
8.153516	0.016447
8.150047	0.016444
8.146579	0.016440
8.143112	0.016436
8.139646	0.016432
8.136180	0.016428
8.132716	0.016425
8.129252	0.016421
8.125789	0.016417
8.122326	0.016413
8.118865	0.016410
8.115404	0.016406
8.111944	0.016402
8.108485	0.016398
8.105027	0.016394
8.101569	0.016391
8.098112	0.016387
8.094656	0.016383
8.091201	0.016379
8.087747	0.016376
8.084293	0.016372
8.080841	0.016368
8.077389	0.016364
8.073938	0.016360
8.070487	0.016357
8.067038	0.016353
8.063589	0.016349
8.060141	0.016345
8.056694	0.016342
8.053247	0.016338
8.049802	0.016334
8.046357	0.016330
8.042913	0.016326
8.039470	0.016323
8.036028	0.016319
8.032586	0.016315
8.029145	0.016311
8.025705	0.016307
8.022266	0.016304
8.018828	0.016300
8.015390	0.016296
8.011953	0.016292
8.008518	0.016288
8.005082	0.016285
8.001648	0.016281
7.998214	0.016277
7.994782	0.016273
7.991350	0.016270
7.987919	0.016266
7.984488	0.016262
7.981059	0.016258
7.977630	0.016254
7.974202	0.016251
7.970775	0.016247
7.967348	0.016243
7.963923	0.016239
7.960498	0.016235
7.957074	0.016232
7.953651	0.016228
7.950229	0.016224
7.946807	0.016220
7.943386	0.016216
7.939966	0.016213
7.936547	0.016209
7.933129	0.016205
7.929711	0.016201
7.926294	0.016197
7.922879	0.016194
7.919463	0.016190
7.916049	0.016186
7.912636	0.016182
7.909223	0.016178
7.905811	0.016174
7.902400	0.016171
7.898989	0.016167
7.895580	0.016163
7.892171	0.016159
7.888763	0.016155
7.885356	0.016152
7.881950	0.016148
7.878544	0.016144
7.875140	0.016140
7.871736	0.016136
7.868333	0.016133
7.864930	0.016129
7.861529	0.016125
7.858128	0.016121
7.854728	0.016117
7.851329	0.016114
7.847931	0.016110
7.844534	0.016106
7.841137	0.016102
7.837741	0.016098
7.834346	0.016094
7.830952	0.016091
7.827558	0.016087
7.824166	0.016083
7.820774	0.016079
7.817383	0.016075
7.813993	0.016072
7.810603	0.016068
7.807215	0.016064
7.803827	0.016060
7.800440	0.016056
7.797054	0.016052
7.793668	0.016049
7.790284	0.016045
7.786900	0.016041
7.783517	0.016037
7.780135	0.016033
7.776754	0.016029
7.773373	0.016026
7.769993	0.016022
7.766615	0.016018
7.763236	0.016014
7.759859	0.016010
7.756483	0.016007
7.753107	0.016003
7.749732	0.015999
7.746358	0.015995
7.742985	0.015991
7.739612	0.015987
7.736241	0.015984
7.732870	0.015980
7.729500	0.015976
7.726130	0.015972
7.722762	0.015968
7.719394	0.015964
7.716028	0.015961
7.712662	0.015957
7.709296	0.015953
7.705932	0.015949
7.702569	0.015945
7.699206	0.015941
7.695844	0.015938
7.692483	0.015934
7.689122	0.015930
7.685763	0.015926
7.682404	0.015922
7.679046	0.015918
7.675689	0.015915
7.672333	0.015911
7.668977	0.015907
7.665623	0.015903
7.662269	0.015899
7.658916	0.015895
7.655564	0.015892
7.652212	0.015888
7.648862	0.015884
7.645512	0.015880
7.642163	0.015876
7.638815	0.015872
7.635467	0.015868
7.632121	0.015865
7.628775	0.015861
7.625430	0.015857
7.622086	0.015853
7.618742	0.015849
7.615400	0.015845
7.612058	0.015842
7.608717	0.015838
7.605377	0.015834
7.602038	0.015830
7.598700	0.015826
7.595362	0.015822
7.592025	0.015818
7.588689	0.015815
7.585354	0.015811
7.582019	0.015807
7.578686	0.015803
7.575353	0.015799
7.572021	0.015795
7.568690	0.015792
7.565360	0.015788
7.562030	0.015784
7.558701	0.015780
7.555374	0.015776
7.552046	0.015772
7.548720	0.015768
7.545395	0.015765
7.542070	0.015761
7.538746	0.015757
7.535423	0.015753
7.532101	0.015749
7.528780	0.015745
7.525459	0.015741
7.522139	0.015738
7.518820	0.015734
7.515502	0.015730
7.512185	0.015726
7.508868	0.015722
7.505553	0.015718
7.502238	0.015714
7.498924	0.015711
7.495610	0.015707
7.492298	0.015703
7.488986	0.015699
7.485676	0.015695
7.482366	0.015691
7.479056	0.015687
7.475748	0.015684
7.472441	0.015680
7.469134	0.015676
7.465828	0.015672
7.462523	0.015668
7.459218	0.015664
7.455915	0.015660
7.452612	0.015657
7.449310	0.015653
7.446009	0.015649
7.442709	0.015645
7.439410	0.015641
7.436111	0.015637
7.432813	0.015633
7.429516	0.015629
7.426220	0.015626
7.422925	0.015622
7.419631	0.015618
7.416337	0.015614
7.413044	0.015610
7.409752	0.015606
7.406461	0.015602
7.403170	0.015599
7.399881	0.015595
7.396592	0.015591
7.393304	0.015587
7.390017	0.015583
7.386730	0.015579
7.383445	0.015575
7.380160	0.015571
7.376876	0.015568
7.373593	0.015564
7.370311	0.015560
7.367029	0.015556
7.363749	0.015552
7.360469	0.015548
7.357190	0.015544
7.353912	0.015540
7.350634	0.015537
7.347358	0.015533
7.344082	0.015529
7.340807	0.015525
7.337533	0.015521
7.334260	0.015517
7.330988	0.015513
7.327716	0.015509
7.324445	0.015506
7.321175	0.015502
7.317906	0.015498
7.314638	0.015494
7.311370	0.015490
7.308103	0.015486
7.304837	0.015482
7.301572	0.015478
7.298308	0.015474
7.295045	0.015471
7.291782	0.015467
7.288520	0.015463
7.285259	0.015459
7.281999	0.015455
7.278740	0.015451
7.275481	0.015447
7.272223	0.015443
7.268967	0.015440
7.265710	0.015436
7.262455	0.015432
7.259201	0.015428
7.255947	0.015424
7.252694	0.015420
7.249442	0.015416
7.246191	0.015412
7.242941	0.015408
7.239691	0.015405
7.236443	0.015401
7.233195	0.015397
7.229948	0.015393
7.226702	0.015389
7.223456	0.015385
7.220212	0.015381
7.216968	0.015377
7.213725	0.015373
7.210483	0.015370
7.207241	0.015366
7.204001	0.015362
7.200761	0.015358
7.197522	0.015354
7.194284	0.015350
7.191047	0.015346
7.187811	0.015342
7.184575	0.015338
7.181340	0.015335
7.178107	0.015331
7.174873	0.015327
7.171641	0.015323
7.168410	0.015319
7.165179	0.015315
7.161949	0.015311
7.158720	0.015307
7.155492	0.015303
7.152265	0.015299
7.149038	0.015296
7.145812	0.015292
7.142588	0.015288
7.139364	0.015284
7.136140	0.015280
7.132918	0.015276
7.129696	0.015272
7.126476	0.015268
7.123256	0.015264
7.120036	0.015261
7.116818	0.015257
7.113601	0.015253
7.110384	0.015249
7.107168	0.015245
7.103953	0.015241
7.100739	0.015237
7.097526	0.015233
7.094313	0.015229
7.091101	0.015225
7.087890	0.015222
7.084680	0.015218
7.081471	0.015214
7.078263	0.015210
7.075055	0.015206
7.071848	0.015202
7.068642	0.015198
7.065437	0.015194
7.062233	0.015190
7.059029	0.015186
7.055827	0.015182
7.052625	0.015179
7.049424	0.015175
7.046224	0.015171
7.043024	0.015167
7.039826	0.015163
7.036628	0.015159
7.033431	0.015155
7.030235	0.015151
7.027040	0.015147
7.023845	0.015143
7.020652	0.015140
7.017459	0.015136
7.014267	0.015132
7.011076	0.015128
7.007886	0.015124
7.004696	0.015120
7.001508	0.015116
6.998320	0.015112
6.995133	0.015108
6.991947	0.015104
6.988761	0.015100
6.985577	0.015096
6.982393	0.015093
6.979210	0.015089
6.976028	0.015085
6.972847	0.015081
6.969666	0.015077
6.966487	0.015073
6.963308	0.015069
6.960130	0.015065
6.956953	0.015061
6.953777	0.015057
6.950601	0.015053
6.947427	0.015050
6.944253	0.015046
6.941080	0.015042
6.937908	0.015038
6.934736	0.015034
6.931566	0.015030
6.928396	0.015026
6.925227	0.015022
6.922059	0.015018
6.918892	0.015014
6.915726	0.015010
6.912560	0.015006
6.909396	0.015003
6.906232	0.014999
6.903069	0.014995
6.899906	0.014991
6.896745	0.014987
6.893584	0.014983
6.890425	0.014979
6.887266	0.014975
6.884108	0.014971
6.880950	0.014967
6.877794	0.014963
6.874638	0.014959
6.871484	0.014956
6.868330	0.014952
6.865176	0.014948
6.862024	0.014944
6.858873	0.014940
6.855722	0.014936
6.852572	0.014932
6.849423	0.014928
6.846275	0.014924
6.843128	0.014920
6.839981	0.014916
6.836835	0.014912
6.833691	0.014908
6.830547	0.014905
6.827403	0.014901
6.824261	0.014897
6.821119	0.014893
6.817979	0.014889
6.814839	0.014885
6.811700	0.014881
6.808562	0.014877
6.805424	0.014873
6.802288	0.014869
6.799152	0.014865
6.796017	0.014861
6.792883	0.014857
6.789749	0.014854
6.786617	0.014850
6.783485	0.014846
6.780355	0.014842
6.777225	0.014838
6.774096	0.014834
6.770967	0.014830
6.767840	0.014826
6.764713	0.014822
6.761587	0.014818
6.758462	0.014814
6.755338	0.014810
6.752215	0.014806
6.749092	0.014802
6.745971	0.014799
6.742850	0.014795
6.739730	0.014791
6.736611	0.014787
6.733492	0.014783
6.730375	0.014779
6.727258	0.014775
6.724142	0.014771
6.721027	0.014767
6.717913	0.014763
6.714800	0.014759
6.711687	0.014755
6.708575	0.014751
6.705464	0.014747
6.702354	0.014743
6.699245	0.014740
6.696137	0.014736
6.693029	0.014732
6.689922	0.014728
6.686817	0.014724
6.683711	0.014720
6.680607	0.014716
6.677504	0.014712
6.674401	0.014708
6.671299	0.014704
6.668198	0.014700
6.665098	0.014696
6.661999	0.014692
6.658901	0.014688
6.655803	0.014684
6.652706	0.014681
6.649610	0.014677
6.646515	0.014673
6.643421	0.014669
6.640327	0.014665
6.637235	0.014661
6.634143	0.014657
6.631052	0.014653
6.627962	0.014649
6.624873	0.014645
6.621784	0.014641
6.618696	0.014637
6.615610	0.014633
6.612524	0.014629
6.609439	0.014625
6.606354	0.014621
6.603271	0.014618
6.600188	0.014614
6.597106	0.014610
6.594025	0.014606
6.590945	0.014602
6.587866	0.014598
6.584787	0.014594
6.581710	0.014590
6.578633	0.014586
6.575557	0.014582
6.572482	0.014578
6.569407	0.014574
6.566334	0.014570
6.563261	0.014566
6.560189	0.014562
6.557118	0.014558
6.554048	0.014554
6.550979	0.014551
6.547910	0.014547
6.544842	0.014543
6.541775	0.014539
6.538709	0.014535
6.535644	0.014531
6.532580	0.014527
6.529516	0.014523
6.526454	0.014519
6.523392	0.014515
6.520331	0.014511
6.517270	0.014507
6.514211	0.014503
6.511153	0.014499
6.508095	0.014495
6.505038	0.014491
6.501982	0.014487
6.498927	0.014483
6.495872	0.014480
6.492819	0.014476
6.489766	0.014472
6.486714	0.014468
6.483663	0.014464
6.480613	0.014460
6.477563	0.014456
6.474515	0.014452
6.471467	0.014448
6.468420	0.014444
6.465374	0.014440
6.462329	0.014436
6.459285	0.014432
6.456241	0.014428
6.453198	0.014424
6.450156	0.014420
6.447115	0.014416
6.444075	0.014412
6.441036	0.014409
6.437997	0.014405
6.434959	0.014401
6.431922	0.014397
6.428886	0.014393
6.425851	0.014389
6.422817	0.014385
6.419783	0.014381
6.416750	0.014377
6.413719	0.014373
6.410687	0.014369
6.407657	0.014365
6.404628	0.014361
6.401599	0.014357
6.398572	0.014353
6.395545	0.014349
6.392519	0.014345
6.389493	0.014341
6.386469	0.014337
6.383445	0.014333
6.380423	0.014330
6.377401	0.014326
6.374380	0.014322
6.371359	0.014318
6.368340	0.014314
6.365321	0.014310
6.362304	0.014306
6.359287	0.014302
6.356271	0.014298
6.353255	0.014294
6.350241	0.014290
6.347227	0.014286
6.344215	0.014282
6.341203	0.014278
6.338192	0.014274
6.335182	0.014270
6.332172	0.014266
6.329164	0.014262
6.326156	0.014258
6.323149	0.014254
6.320143	0.014250
6.317138	0.014247
6.314133	0.014243
6.311130	0.014239
6.308127	0.014235
6.305125	0.014231
6.302124	0.014227
6.299124	0.014223
6.296124	0.014219
6.293126	0.014215
6.290128	0.014211
6.287131	0.014207
6.284135	0.014203
6.281140	0.014199
6.278145	0.014195
6.275152	0.014191
6.272159	0.014187
6.269167	0.014183
6.266176	0.014179
6.263186	0.014175
6.260197	0.014171
6.257208	0.014167
6.254220	0.014163
6.251234	0.014160
6.248248	0.014156
6.245262	0.014152
6.242278	0.014148
6.239294	0.014144
6.236312	0.014140
6.233330	0.014136
6.230349	0.014132
6.227369	0.014128
6.224389	0.014124
6.221411	0.014120
6.218433	0.014116
6.215456	0.014112
6.212480	0.014108
6.209505	0.014104
6.206531	0.014100
6.203557	0.014096
6.200584	0.014092
6.197612	0.014088
6.194641	0.014084
6.191671	0.014080
6.188702	0.014076
6.185733	0.014072
6.182766	0.014069
6.179799	0.014065
6.176833	0.014061
6.173868	0.014057
6.170903	0.014053
6.167940	0.014049
6.164977	0.014045
6.162015	0.014041
6.159054	0.014037
6.156094	0.014033
6.153135	0.014029
6.150176	0.014025
6.147219	0.014021
6.144262	0.014017
6.141306	0.014013
6.138351	0.014009
6.135396	0.014005
6.132443	0.014001
6.129490	0.013997
6.126538	0.013993
6.123587	0.013989
6.120637	0.013985
6.117688	0.013981
6.114740	0.013977
6.111792	0.013973
6.108845	0.013970
6.105899	0.013966
6.102954	0.013962
6.100010	0.013958
6.097066	0.013954
6.094124	0.013950
6.091182	0.013946
6.088241	0.013942
6.085301	0.013938
6.082362	0.013934
6.079423	0.013930
6.076485	0.013926
6.073549	0.013922
6.070613	0.013918
6.067678	0.013914
6.064743	0.013910
6.061810	0.013906
6.058877	0.013902
6.055946	0.013898
6.053015	0.013894
6.050085	0.013890
6.047155	0.013886
6.044227	0.013882
6.041299	0.013878
6.038373	0.013874
6.035447	0.013870
6.032522	0.013867
6.029597	0.013863
6.026674	0.013859
6.023751	0.013855
6.020830	0.013851
6.017909	0.013847
6.014989	0.013843
6.012070	0.013839
6.009151	0.013835
6.006234	0.013831
6.003317	0.013827
6.000401	0.013823
5.997486	0.013819
5.994572	0.013815
5.991658	0.013811
5.988746	0.013807
5.985834	0.013803
5.982923	0.013799
5.980013	0.013795
5.977104	0.013791
5.974196	0.013787
5.971288	0.013783
5.968381	0.013779
5.965476	0.013775
5.962571	0.013771
5.959666	0.013767
5.956763	0.013763
5.953861	0.013760
5.950959	0.013756
5.948058	0.013752
5.945158	0.013748
5.942259	0.013744
5.939361	0.013740
5.936463	0.013736
5.933566	0.013732
5.930671	0.013728
5.927776	0.013724
5.924882	0.013720
5.921988	0.013716
5.919096	0.013712
5.916204	0.013708
5.913313	0.013704
5.910423	0.013700
5.907534	0.013696
5.904646	0.013692
5.901758	0.013690
5.898870	0.013692
5.895981	0.013695
5.893092	0.013697
5.890202	0.013699
5.887312	0.013702
5.884421	0.013704
5.881529	0.013706
5.878638	0.013709
5.875745	0.013711
5.872853	0.013714
5.869959	0.013716
5.867065	0.013718
5.864171	0.013721
5.861276	0.013723
5.858381	0.013725
5.855485	0.013728
5.852589	0.013730
5.849692	0.013733
5.846795	0.013735
5.843897	0.013737
5.840999	0.013740
5.838100	0.013742
5.835200	0.013745
5.832301	0.013747
5.829400	0.013749
5.826499	0.013752
5.823598	0.013754
5.820696	0.013757
5.817794	0.013759
5.814891	0.013761
5.811987	0.013764
5.809083	0.013766
5.806179	0.013769
5.803274	0.013771
5.800369	0.013774
5.797463	0.013776
5.794556	0.013778
5.791649	0.013781
5.788742	0.013783
5.785834	0.013786
5.782925	0.013788
5.780016	0.013791
5.777106	0.013793
5.774196	0.013795
5.771286	0.013798
5.768375	0.013800
5.765463	0.013803
5.762551	0.013805
5.759638	0.013808
5.756725	0.013810
5.753811	0.013813
5.750897	0.013815
5.747982	0.013818
5.745067	0.013820
5.742151	0.013823
5.739235	0.013825
5.736318	0.013828
5.733401	0.013830
5.730483	0.013833
5.727564	0.013835
5.724645	0.013838
5.721726	0.013840
5.718806	0.013843
5.715885	0.013845
5.712964	0.013848
5.710043	0.013850
5.707120	0.013853
5.704198	0.013855
5.701275	0.013858
5.698351	0.013860
5.695427	0.013863
5.692502	0.013865
5.689577	0.013868
5.686651	0.013870
5.683724	0.013873
5.680797	0.013875
5.677870	0.013878
5.674942	0.013880
5.672013	0.013883
5.669084	0.013885
5.666155	0.013888
5.663225	0.013891
5.660294	0.013893
5.657363	0.013896
5.654431	0.013898
5.651499	0.013901
5.648566	0.013903
5.645632	0.013906
5.642699	0.013908
5.639764	0.013911
5.636829	0.013914
5.633894	0.013916
5.630957	0.013919
5.628021	0.013921
5.625084	0.013924
5.622146	0.013926
5.619208	0.013929
5.616269	0.013932
5.613330	0.013934
5.610390	0.013937
5.607449	0.013939
5.604508	0.013942
5.601567	0.013945
5.598624	0.013947
5.595682	0.013950
5.592739	0.013953
5.589795	0.013955
5.586851	0.013958
5.583906	0.013960
5.580960	0.013963
5.578014	0.013966
5.575068	0.013968
5.572121	0.013971
5.569173	0.013974
5.566225	0.013976
5.563276	0.013979
5.560327	0.013981
5.557377	0.013984
5.554426	0.013987
5.551475	0.013989
5.548623	0.013522
5.545714	0.013792
5.542837	0.013635
5.539942	0.013726
5.537058	0.013673
5.534167	0.013704
5.531280	0.013686
5.528391	0.013696
5.525503	0.013690
5.522614	0.013694
5.519726	0.013692
5.516837	0.013693
5.513949	0.013692
5.511061	0.013693
5.508172	0.013693
5.505284	0.013693
5.502395	0.013693
5.499507	0.013693
5.496618	0.013693
5.493730	0.013693
5.490842	0.013693
5.487953	0.013693
5.485065	0.013693
5.482176	0.013693
5.479288	0.013693
5.476399	0.013693
5.473511	0.013693
5.470622	0.013693
5.467734	0.013693
5.464845	0.013693
5.461957	0.013693
5.459068	0.013693
5.456179	0.013693
5.453291	0.013693
5.450402	0.013693
5.447514	0.013693
5.444625	0.013693
5.441737	0.013693
5.438848	0.013694
5.435960	0.013694
5.433071	0.013694
5.430182	0.013694
5.427294	0.013694
5.424405	0.013694
5.421517	0.013694
5.418628	0.013694
5.415739	0.013694
5.412851	0.013694
5.409962	0.013694
5.407073	0.013694
5.404185	0.013694
5.401296	0.013694
5.398407	0.013694
5.395519	0.013694
5.392630	0.013694
5.389741	0.013694
5.386853	0.013694
5.383964	0.013694
5.381075	0.013694
5.378187	0.013694
5.375298	0.013694
5.372409	0.013694
5.369520	0.013694
5.366632	0.013694
5.363743	0.013694
5.360854	0.013694
5.357965	0.013694
5.355077	0.013694
5.352188	0.013694
5.349299	0.013694
5.346410	0.013694
5.343522	0.013694
5.340633	0.013694
5.337744	0.013695
5.334855	0.013695
5.331966	0.013695
5.329078	0.013695
5.326189	0.013695
5.323300	0.013695
5.320411	0.013695
5.317522	0.013695
5.314634	0.013695
5.311745	0.013695
5.308856	0.013695
5.305967	0.013695
5.303078	0.013695
5.300189	0.013695
5.297300	0.013695
5.294412	0.013695
5.291523	0.013695
5.288634	0.013695
5.285745	0.013695
5.282856	0.013695
5.279967	0.013695
5.277078	0.013695
5.274189	0.013695
5.271300	0.013695
5.268411	0.013695
5.265522	0.013695
5.262633	0.013695
5.259745	0.013695
5.256856	0.013695
5.253967	0.013695
5.251078	0.013695
5.248189	0.013695
5.245300	0.013695
5.242411	0.013695
5.239522	0.013695
5.236633	0.013695
5.233744	0.013696
5.230855	0.013696
5.227966	0.013696
5.225077	0.013696
5.222188	0.013696
5.219299	0.013696
5.216410	0.013696
5.213521	0.013696
5.210632	0.013696
5.207742	0.013696
5.204853	0.013696
5.201964	0.013696
5.199075	0.013696
5.196186	0.013696
5.193297	0.013696
5.190408	0.013696
5.187519	0.013696
5.184630	0.013696
5.181741	0.013696
5.178852	0.013696
5.175963	0.013696
5.173073	0.013696
5.170184	0.013696
5.167295	0.013696
5.164406	0.013696
5.161517	0.013696
5.158628	0.013696
5.155739	0.013696
5.152849	0.013696
5.149960	0.013696
5.147071	0.013696
5.144182	0.013696
5.141293	0.013696
5.138404	0.013696
5.135514	0.013696
5.132625	0.013696
5.129736	0.013696
5.126847	0.013697
5.123958	0.013697
5.121068	0.013697
5.118179	0.013697
5.115290	0.013697
5.112401	0.013697
5.109511	0.013697
5.106622	0.013697
5.103733	0.013697
5.100844	0.013697
5.097954	0.013697
5.095065	0.013697
5.092176	0.013697
5.089287	0.013697
5.086397	0.013697
5.083508	0.013697
5.080619	0.013697
5.077729	0.013697
5.074840	0.013697
5.071951	0.013697
5.069061	0.013697
5.066172	0.013697
5.063283	0.013697
5.060393	0.013697
5.057504	0.013697
5.054615	0.013697
5.051725	0.013697
5.048836	0.013697
5.045947	0.013697
5.043057	0.013697
5.040168	0.013697
5.037279	0.013697
5.034389	0.013697
5.031500	0.013697
5.028611	0.013697
5.025721	0.013697
5.022832	0.013697
5.019942	0.013697
5.017053	0.013697
5.014163	0.013697
5.011274	0.013698
5.008385	0.013698
5.005495	0.013698
5.002606	0.013698
4.999716	0.013698
4.996827	0.013698
4.993937	0.013698
4.991048	0.013698
4.988159	0.013698
4.985269	0.013698
4.982380	0.013698
4.979490	0.013698
4.976601	0.013698
4.973711	0.013698
4.970822	0.013698
4.967932	0.013698
4.965043	0.013698
4.962153	0.013698
4.959264	0.013698
4.956374	0.013698
4.953485	0.013698
4.950595	0.013698
4.947706	0.013698
4.944816	0.013698
4.941927	0.013698
4.939037	0.013698
4.936147	0.013698
4.933258	0.013698
4.930368	0.013698
4.927479	0.013698
4.924589	0.013698
4.921700	0.013698
4.918810	0.013698
4.915920	0.013698
4.913031	0.013698
4.910141	0.013698
4.907252	0.013698
4.904362	0.013698
4.901472	0.013698
4.898583	0.013698
4.895693	0.013698
4.892804	0.013698
4.889914	0.013698
4.887024	0.013699
4.884135	0.013699
4.881245	0.013699
4.878355	0.013699
4.875466	0.013699
4.872576	0.013699
4.869686	0.013699
4.866797	0.013699
4.863907	0.013699
4.861017	0.013699
4.858128	0.013699
4.855238	0.013699
4.852348	0.013699
4.849459	0.013699
4.846569	0.013699
4.843679	0.013699
4.840790	0.013699
4.837900	0.013699
4.835010	0.013699
4.832121	0.013699
4.829231	0.013699
4.826341	0.013699
4.823451	0.013699
4.820562	0.013699
4.817672	0.013699
4.814782	0.013699
4.811892	0.013699
4.809003	0.013699
4.806113	0.013699
4.803223	0.013699
4.800333	0.013699
4.797444	0.013699
4.794554	0.013699
4.791664	0.013699
4.788774	0.013699
4.785884	0.013699
4.782995	0.013699
4.780105	0.013699
4.777215	0.013699
4.774325	0.013699
4.771435	0.013699
4.768546	0.013699
4.765656	0.013699
4.762766	0.013699
4.759876	0.013699
4.756986	0.013699
4.754096	0.013699
4.751207	0.013700
4.748317	0.013700
4.745427	0.013700
4.742537	0.013700
4.739647	0.013700
4.736757	0.013700
4.733867	0.013700
4.730978	0.013700
4.728088	0.013700
4.725198	0.013700
4.722308	0.013700
4.719418	0.013700
4.716528	0.013700
4.713638	0.013700
4.710748	0.013700
4.707858	0.013700
4.704968	0.013700
4.702079	0.013700
4.699189	0.013700
4.696299	0.013700
4.693409	0.013700
4.690519	0.013700
4.687629	0.013700
4.684739	0.013700
4.681849	0.013700
4.678959	0.013700
4.676069	0.013700
4.673179	0.013700
4.670289	0.013700
4.667399	0.013700
4.664509	0.013700
4.661619	0.013700
4.658729	0.013700
4.655839	0.013700
4.652949	0.013700
4.650059	0.013700
4.647169	0.013700
4.644279	0.013700
4.641389	0.013700
4.638499	0.013700
4.635609	0.013700
4.632719	0.013700
4.629829	0.013700
4.626939	0.013700
4.624049	0.013700
4.621159	0.013700
4.618269	0.013700
4.615379	0.013700
4.612489	0.013700
4.609599	0.013700
4.606709	0.013700
4.603819	0.013701
4.600929	0.013701
4.598039	0.013701
4.595149	0.013701
4.592259	0.013701
4.589369	0.013701
4.586479	0.013701
4.583589	0.013701
4.580699	0.013701
4.577808	0.013701
4.574918	0.013701
4.572028	0.013701
4.569138	0.013701
4.566248	0.013701
4.563358	0.013701
4.560468	0.013701
4.557578	0.013701
4.554688	0.013701
4.551797	0.013701
4.548907	0.013701
4.546017	0.013701
4.543127	0.013701
4.540237	0.013701
4.537347	0.013701
4.534457	0.013701
4.531567	0.013701
4.528676	0.013701
4.525786	0.013701
4.522896	0.013701
4.520006	0.013701
4.517116	0.013701
4.514226	0.013701
4.511335	0.013701
4.508445	0.013701
4.505555	0.013701
4.502665	0.013701
4.499775	0.013701
4.496885	0.013701
4.493994	0.013701
4.491104	0.013701
4.488214	0.013701
4.485324	0.013701
4.482434	0.013701
4.479543	0.013701
4.476653	0.013701
4.473763	0.013701
4.470873	0.013701
4.467983	0.013701
4.465092	0.013701
4.462202	0.013701
4.459312	0.013701
4.456422	0.013701
4.453531	0.013701
4.450641	0.013701
4.447751	0.013701
4.444861	0.013701
4.441970	0.013701
4.439080	0.013701
4.436190	0.013701
4.433300	0.013701
4.430409	0.013702
4.427519	0.013702
4.424629	0.013702
4.421739	0.013702
4.418848	0.013702
4.415958	0.013702
4.413068	0.013702
4.410177	0.013702
4.407287	0.013702
4.404397	0.013702
4.401507	0.013702
4.398616	0.013702
4.395726	0.013702
4.392836	0.013702
4.389945	0.013702
4.387055	0.013702
4.384165	0.013702
4.381274	0.013702
4.378384	0.013702
4.375494	0.013702
4.372604	0.013702
4.369713	0.013702
4.366823	0.013702
4.363933	0.013702
4.361042	0.013702
4.358152	0.013702
4.355262	0.013702
4.352371	0.013702
4.349481	0.013702
4.346590	0.013702
4.343700	0.013702
4.340810	0.013702
4.337919	0.013702
4.335029	0.013702
4.332139	0.013702
4.329248	0.013702
4.326358	0.013702
4.323468	0.013702
4.320577	0.013702
4.317687	0.013702
4.314796	0.013702
4.311906	0.013702
4.309016	0.013702
4.306125	0.013702
4.303235	0.013702
4.300344	0.013702
4.297454	0.013702
4.294564	0.013702
4.291673	0.013702
4.288783	0.013702
4.285892	0.013702
4.283002	0.013702
4.280112	0.013702
4.277221	0.013702
4.274331	0.013702
4.271440	0.013702
4.268550	0.013702
4.265660	0.013702
4.262769	0.013702
4.259879	0.013702
4.256988	0.013702
4.254098	0.013702
4.251207	0.013702
4.248317	0.013702
4.245427	0.013702
4.242536	0.013702
4.239646	0.013702
4.236755	0.013702
4.233865	0.013702
4.230974	0.013702
4.228084	0.013702
4.225193	0.013702
4.222303	0.013702
4.219412	0.013702
4.216522	0.013702
4.213631	0.013702
4.210741	0.013703
4.207851	0.013703
4.204960	0.013703
4.202070	0.013703
4.199179	0.013703
4.196289	0.013703
4.193398	0.013703
4.190508	0.013703
4.187617	0.013703
4.184727	0.013703
4.181836	0.013703
4.178946	0.013703
4.176055	0.013703
4.173165	0.013703
4.170274	0.013703
4.167384	0.013703
4.164493	0.013703
4.161603	0.013703
4.158712	0.013703
4.155822	0.013703
4.152931	0.013703
4.150041	0.013703
4.147150	0.013703
4.144260	0.013703
4.141369	0.013703
4.138478	0.013703
4.135588	0.013703
4.132697	0.013703
4.129807	0.013703
4.126916	0.013703
4.124026	0.013703
4.121135	0.013703
4.118245	0.013703
4.115354	0.013703
4.112464	0.013703
4.109573	0.013703
4.106683	0.013703
4.103792	0.013703
4.100901	0.013703
4.098011	0.013703
4.095120	0.013703
4.092230	0.013703
4.089339	0.013703
4.086449	0.013703
4.083558	0.013703
4.080668	0.013703
4.077777	0.013703
4.074886	0.013703
4.071996	0.013703
4.069105	0.013703
4.066215	0.013703
4.063324	0.013703
4.060434	0.013703
4.057543	0.013703
4.054652	0.013703
4.051762	0.013703
4.048871	0.013703
4.045981	0.013703
4.043090	0.013703
4.040199	0.013703
4.037309	0.013703
4.034418	0.013703
4.031528	0.013703
4.028637	0.013703
4.025746	0.013703
4.022856	0.013703
4.019965	0.013703
4.017075	0.013703
4.014184	0.013703
4.011293	0.013703
4.008403	0.013703
4.005512	0.013703
4.002622	0.013703
3.999731	0.013703
3.996840	0.013703
3.993950	0.013703
3.991059	0.013703
3.988169	0.013703
3.985278	0.013703
3.982387	0.013703
3.979497	0.013703
3.976606	0.013703
3.973716	0.013703
3.970825	0.013703
3.967934	0.013703
3.965044	0.013703
3.962153	0.013703
3.959262	0.013703
3.956372	0.013703
3.953481	0.013703
3.950591	0.013703
3.947700	0.013703
3.944809	0.013703
3.941919	0.013703
3.939028	0.013703
3.936137	0.013703
3.933247	0.013703
3.930356	0.013703
3.927465	0.013703
3.924575	0.013703
3.921684	0.013703
3.918794	0.013703
3.915903	0.013703
3.913012	0.013703
3.910122	0.013703
3.907231	0.013703
3.904340	0.013703
3.901450	0.013703
3.898559	0.013703
3.895668	0.013703
3.892778	0.013703
3.889887	0.013703
3.886996	0.013703
3.884106	0.013703
3.881215	0.013703
3.878324	0.013703
3.875434	0.013703
3.872543	0.013703
3.869652	0.013703
3.866762	0.013703
3.863871	0.013703
3.860980	0.013703
3.858090	0.013703
3.855199	0.013703
3.852308	0.013703
3.849418	0.013703
3.846527	0.013703
3.843637	0.013703
3.840746	0.013703
3.837855	0.013703
3.834965	0.013703
3.832074	0.013703
3.829183	0.013703
3.826293	0.013703
3.823402	0.013703
3.820511	0.013703
3.817621	0.013703
3.814730	0.013703
3.811839	0.013703
3.808948	0.013703
3.806058	0.013703
3.803167	0.013703
3.800276	0.013703
3.797386	0.013703
3.794495	0.013703
3.791604	0.013703
3.788714	0.013703
3.785823	0.013703
3.782932	0.013703
3.780042	0.013703
3.777151	0.013703
3.774260	0.013703
3.771370	0.013703
3.768479	0.013703
3.765588	0.013703
3.762698	0.013703
3.759807	0.013703
3.756916	0.013703
3.754026	0.013703
3.751135	0.013703
3.748244	0.013703
3.745354	0.013703
3.742463	0.013703
3.739572	0.013703
3.736682	0.013703
3.733791	0.013703
3.730900	0.013703
3.728010	0.013703
3.725119	0.013703
3.722228	0.013703
3.719338	0.013703
3.716447	0.013703
3.713556	0.013703
3.710666	0.013703
3.707775	0.013703
3.704884	0.013703
3.701994	0.013703
3.699103	0.013703
3.696212	0.013703
3.693321	0.013703
3.690431	0.013703
3.687540	0.013703
3.684649	0.013703
3.681759	0.013703
3.678868	0.013703
3.675977	0.013703
3.673087	0.013703
3.670196	0.013703
3.667305	0.013703
3.664415	0.013703
3.661524	0.013703
3.658633	0.013703
3.655743	0.013703
3.652852	0.013703
3.649961	0.013703
3.647071	0.013703
3.644180	0.013703
3.641289	0.013703
3.638399	0.013703
3.635508	0.013703
3.632617	0.013703
3.629727	0.013703
3.626836	0.013703
3.623945	0.013703
3.621055	0.013703
3.618164	0.013703
3.615273	0.013703
3.612383	0.013703
3.609492	0.013703
3.606601	0.013703
3.603711	0.013703
3.600820	0.013703
3.597929	0.013703
3.595039	0.013703
3.592148	0.013703
3.589257	0.013703
3.586367	0.013703
3.583476	0.013703
3.580585	0.013703
3.577695	0.013703
3.574804	0.013703
3.571913	0.013703
3.569023	0.013703
3.566132	0.013703
3.563241	0.013703
3.560351	0.013703
3.557460	0.013703
3.554569	0.013703
3.551679	0.013703
3.548788	0.013703
3.545898	0.013703
3.543007	0.013703
3.540116	0.013703
3.537226	0.013703
3.534335	0.013703
3.531444	0.013703
3.528554	0.013703
3.525663	0.013703
3.522772	0.013703
3.519882	0.013703
3.516991	0.013703
3.514101	0.013703
3.511210	0.013703
3.508319	0.013703
3.505429	0.013703
3.502538	0.013703
3.499647	0.013703
3.496757	0.013703
3.493866	0.013703
3.490975	0.013703
3.488085	0.013703
3.485194	0.013703
3.482304	0.013703
3.479413	0.013703
3.476522	0.013703
3.473632	0.013703
3.470741	0.013703
3.467851	0.013703
3.464960	0.013703
3.462069	0.013703
3.459179	0.013703
3.456288	0.013703
3.453397	0.013703
3.450507	0.013703
3.447616	0.013703
3.444726	0.013703
3.441835	0.013703
3.438944	0.013703
3.436054	0.013703
3.433163	0.013703
3.430273	0.013703
3.427382	0.013703
3.424492	0.013703
3.421601	0.013703
3.418710	0.013703
3.415820	0.013703
3.412929	0.013703
3.410039	0.013703
3.407148	0.013703
3.404257	0.013703
3.401367	0.013703
3.398476	0.013703
3.395586	0.013703
3.392695	0.013703
3.389805	0.013703
3.386914	0.013703
3.384023	0.013703
3.381133	0.013703
3.378242	0.013703
3.375352	0.013703
3.372461	0.013703
3.369571	0.013703
3.366680	0.013703
3.363790	0.013703
3.360899	0.013703
3.358008	0.013703
3.355118	0.013703
3.352227	0.013703
3.349337	0.013703
3.346446	0.013703
3.343556	0.013703
3.340665	0.013703
3.337775	0.013703
3.334884	0.013703
3.331994	0.013703
3.329103	0.013703
3.326213	0.013703
3.323322	0.013703
3.320432	0.013703
3.317541	0.013703
3.314651	0.013703
3.311760	0.013703
3.308870	0.013703
3.305979	0.013703
3.303089	0.013703
3.300198	0.013703
3.297308	0.013703
3.294417	0.013703
3.291527	0.013703
3.288636	0.013703
3.285746	0.013703
3.282855	0.013703
3.279965	0.013703
3.277074	0.013703
3.274184	0.013702
3.271293	0.013702
3.268403	0.013702
3.265512	0.013702
3.262622	0.013702
3.259731	0.013702
3.256841	0.013702
3.253951	0.013702
3.251060	0.013702
3.248170	0.013702
3.245279	0.013702
3.242389	0.013702
3.239498	0.013702
3.236608	0.013702
3.233717	0.013702
3.230827	0.013702
3.227937	0.013702
3.225046	0.013702
3.222156	0.013702
3.219265	0.013702
3.216375	0.013702
3.213485	0.013702
3.210594	0.013702
3.207704	0.013702
3.204813	0.013702
3.201923	0.013702
3.199033	0.013702
3.196142	0.013702
3.193252	0.013702
3.190361	0.013702
3.187471	0.013702
3.184581	0.013702
3.181690	0.013702
3.178800	0.013702
3.175910	0.013702
3.173019	0.013702
3.170129	0.013702
3.167238	0.013702
3.164348	0.013702
3.161458	0.013702
3.158567	0.013702
3.155677	0.013702
3.152787	0.013702
3.149896	0.013702
3.147006	0.013702
3.144116	0.013702
3.141225	0.013702
3.138335	0.013702
3.135445	0.013702
3.132554	0.013702
3.129664	0.013702
3.126774	0.013702
3.123884	0.013702
3.120993	0.013702
3.118103	0.013702
3.115213	0.013702
3.112322	0.013702
3.109432	0.013702
3.106542	0.013702
3.103652	0.013702
3.100761	0.013702
3.097871	0.013702
3.094981	0.013701
3.092091	0.013701
3.089200	0.013701
3.086310	0.013701
3.083420	0.013701
3.080530	0.013701
3.077639	0.013701
3.074749	0.013701
3.071859	0.013701
3.068969	0.013701
3.066078	0.013701
3.063188	0.013701
3.060298	0.013701
3.057408	0.013701
3.054518	0.013701
3.051627	0.013701
3.048737	0.013701
3.045847	0.013701
3.042957	0.013701
3.040067	0.013701
3.037177	0.013701
3.034286	0.013701
3.031396	0.013701
3.028506	0.013701
3.025616	0.013701
3.022726	0.013701
3.019836	0.013701
3.016945	0.013701
3.014055	0.013701
3.011165	0.013701
3.008275	0.013701
3.005385	0.013701
3.002495	0.013701
2.999605	0.013701
2.996715	0.013701
2.993825	0.013701
2.990934	0.013701
2.988044	0.013701
2.985154	0.013701
2.982264	0.013701
2.979374	0.013701
2.976484	0.013701
2.973594	0.013701
2.970704	0.013701
2.967814	0.013701
2.964924	0.013700
2.962034	0.013700
2.959144	0.013700
2.956254	0.013700
2.953364	0.013700
2.950474	0.013700
2.947584	0.013700
2.944694	0.013700
2.941804	0.013700
2.938914	0.013700
2.936024	0.013700
2.933134	0.013700
2.930244	0.013700
2.927354	0.013700
2.924464	0.013700
2.921574	0.013700
2.918684	0.013700
2.915794	0.013700
2.912904	0.013700
2.910014	0.013700
2.907124	0.013700
2.904234	0.013700
2.901344	0.013700
2.898454	0.013700
2.895564	0.013700
2.892674	0.013700
2.889785	0.013700
2.886895	0.013700
2.884005	0.013700
2.881115	0.013700
2.878225	0.013700
2.875335	0.013700
2.872445	0.013700
2.869555	0.013700
2.866666	0.013700
2.863776	0.013700
2.860886	0.013700
2.857996	0.013699
2.855106	0.013699
2.852216	0.013699
2.849326	0.013699
2.846437	0.013699
2.843547	0.013699
2.840657	0.013699
2.837767	0.013699
2.834878	0.013699
2.831988	0.013699
2.829098	0.013699
2.826208	0.013699
2.823318	0.013699
2.820429	0.013699
2.817539	0.013699
2.814649	0.013699
2.811759	0.013699
2.808870	0.013699
2.805980	0.013699
2.803090	0.013699
2.800201	0.013699
2.797311	0.013699
2.794421	0.013699
2.791531	0.013699
2.788642	0.013699
2.785752	0.013699
2.782862	0.013699
2.779973	0.013699
2.777083	0.013699
2.774194	0.013699
2.771304	0.013699
2.768414	0.013699
2.765525	0.013698
2.762635	0.013698
2.759745	0.013698
2.756856	0.013698
2.753966	0.013698
2.751077	0.013698
2.748187	0.013698
2.745297	0.013698
2.742408	0.013698
2.739518	0.013698
2.736629	0.013698
2.733739	0.013698
2.730850	0.013698
2.727960	0.013698
2.725071	0.013698
2.722181	0.013698
2.719292	0.013698
2.716402	0.013698
2.713513	0.013698
2.710623	0.013698
2.707734	0.013698
2.704844	0.013698
2.701955	0.013698
2.699065	0.013698
2.696176	0.013698
2.693286	0.013698
2.690397	0.013698
2.687508	0.013698
2.684618	0.013697
2.681729	0.013697
2.678839	0.013697
2.675950	0.013697
2.673061	0.013697
2.670171	0.013697
2.667282	0.013697
2.664392	0.013697
2.661503	0.013697
2.658614	0.013697
2.655724	0.013697
2.652835	0.013697
2.649946	0.013697
2.647056	0.013697
2.644167	0.013697
2.641278	0.013697
2.638389	0.013697
2.635499	0.013697
2.632610	0.013697
2.629721	0.013697
2.626832	0.013697
2.623942	0.013697
2.621053	0.013697
2.618164	0.013697
2.615275	0.013697
2.612385	0.013697
2.609496	0.013696
2.606607	0.013696
2.603718	0.013696
2.600829	0.013696
2.597940	0.013696
2.595050	0.013696
2.592161	0.013696
2.589272	0.013696
2.586383	0.013696
2.583494	0.013696
2.580605	0.013696
2.577716	0.013696
2.574827	0.013696
2.571937	0.013696
2.569048	0.013696
2.566159	0.013696
2.563270	0.013696
2.560381	0.013696
2.557492	0.013696
2.554603	0.013696
2.551714	0.013696
2.548825	0.013696
2.545936	0.013696
2.543047	0.013695
2.540158	0.013695
2.537269	0.013695
2.534380	0.013695
2.531491	0.013695
2.528602	0.013695
2.525713	0.013695
2.522825	0.013695
2.519936	0.013695
2.517047	0.013695
2.514158	0.013695
2.511269	0.013695
2.508380	0.013695
2.505491	0.013695
2.502602	0.013695
2.499714	0.013695
2.496825	0.013695
2.493936	0.013695
2.491047	0.013695
2.488158	0.013695
2.485269	0.013695
2.482381	0.013694
2.479492	0.013694
2.476603	0.013694
2.473714	0.013694
2.470826	0.013694
2.467937	0.013694
2.465048	0.013694
2.462160	0.013694
2.459271	0.013694
2.456382	0.013694
2.453494	0.013694
2.450605	0.013694
2.447716	0.013694
2.444828	0.013694
2.441939	0.013694
2.439050	0.013694
2.436162	0.013694
2.433273	0.013694
2.430385	0.013694
2.427496	0.013694
2.424607	0.013693
2.421719	0.013693
2.418830	0.013693
2.415942	0.013693
2.413053	0.013693
2.410165	0.013693
2.407276	0.013693
2.404388	0.013693
2.401499	0.013693
2.398611	0.013693
2.395722	0.013693
2.392834	0.013693
2.389945	0.013693
2.387057	0.013693
2.384169	0.013693
2.381280	0.013693
2.378392	0.013693
2.375503	0.013693
2.372615	0.013692
2.369727	0.013692
2.366838	0.013692
2.363950	0.013692
2.361062	0.013692
2.358174	0.013692
2.355285	0.013692
2.352397	0.013692
2.349509	0.013692
2.346620	0.013692
2.343732	0.013692
2.340844	0.013692
2.337956	0.013692
2.335068	0.013692
2.332179	0.013692
2.329291	0.013692
2.326403	0.013692
2.323515	0.013692
2.320627	0.013691
2.317739	0.013691
2.314850	0.013691
2.311962	0.013691
2.309074	0.013691
2.306186	0.013691
2.303298	0.013691
2.300410	0.013691
2.297522	0.013691
2.294634	0.013691
2.291746	0.013691
2.288858	0.013691
2.285970	0.013691
2.283082	0.013691
2.280194	0.013691
2.277306	0.013691
2.274418	0.013690
2.271530	0.013690
2.268642	0.013690
2.265754	0.013690
2.262867	0.013690
2.259979	0.013690
2.257091	0.013690
2.254203	0.013690
2.251315	0.013690
2.248427	0.013690
2.245540	0.013690
2.242652	0.013690
2.239764	0.013690
2.236876	0.013690
2.233988	0.013690
2.231101	0.013690
2.228213	0.013689
2.225325	0.013689
2.222438	0.013689
2.219550	0.013689
2.216662	0.013689
2.213775	0.013689
2.210887	0.013689
2.207999	0.013689
2.205112	0.013689
2.202224	0.013689
2.199337	0.013689
2.196449	0.013689
2.193562	0.013689
2.190674	0.013689
2.187786	0.013689
2.184899	0.013688
2.182011	0.013688
2.179124	0.013688
2.176237	0.013688
2.173349	0.013688
2.170462	0.013688
2.167574	0.013688
2.164687	0.013688
2.161799	0.013688
2.158912	0.013688
2.156025	0.013688
2.153137	0.013688
2.150250	0.013688
2.147363	0.013688
2.144475	0.013687
2.141588	0.013687
2.138701	0.013687
2.135814	0.013687
2.132926	0.013687
2.130039	0.013687
2.127152	0.013687
2.124265	0.013687
2.121378	0.013687
2.118490	0.013687
2.115603	0.013687
2.112716	0.013687
2.109829	0.013687
2.106942	0.013686
2.104055	0.013686
2.101168	0.013686
2.098281	0.013686
2.095394	0.013686
2.092507	0.013686
2.089620	0.013686
2.086733	0.013686
2.083846	0.013686
2.080959	0.013686
2.078072	0.013686
2.075185	0.013686
2.072298	0.013686
2.069411	0.013685
2.066524	0.013685
2.063638	0.013685
2.060751	0.013685
2.057864	0.013685
2.054977	0.013685
2.052090	0.013685
2.049204	0.013685
2.046317	0.013685
2.043430	0.013685
2.040543	0.013685
2.037657	0.013685
2.034770	0.013685
2.031883	0.013684
2.028997	0.013684
2.026110	0.013684
2.023223	0.013684
2.020337	0.013684
2.017450	0.013684
2.014564	0.013684
2.011677	0.013684
2.008791	0.013684
2.005904	0.013684
2.003018	0.013684
2.000131	0.013684
1.997245	0.013683
1.994358	0.013683
1.991472	0.013683
1.988586	0.013683
1.985699	0.013683
1.982813	0.013683
1.979927	0.013683
1.977040	0.013683
1.974154	0.013683
1.971268	0.013683
1.968381	0.013683
1.965495	0.013682
1.962609	0.013682
1.959723	0.013682
1.956836	0.013682
1.953950	0.013682
1.951064	0.013682
1.948178	0.013682
1.945292	0.013682
1.942406	0.013682
1.939520	0.013682
1.936634	0.013682
1.933748	0.013681
1.930862	0.013681
1.927976	0.013681
1.925090	0.013681
1.922204	0.013681
1.919318	0.013681
1.916432	0.013681
1.913546	0.013681
1.910660	0.013681
1.907774	0.013681
1.904888	0.013681
1.902003	0.013680
1.899117	0.013680
1.896231	0.013680
1.893345	0.013680
1.890459	0.013680
1.887574	0.013680
1.884688	0.013680
1.881802	0.013680
1.878917	0.013680
1.876031	0.013680
1.873145	0.013679
1.870260	0.013679
1.867374	0.013679
1.864489	0.013679
1.861603	0.013679
1.858718	0.013679
1.855832	0.013679
1.852947	0.013679
1.850061	0.013679
1.847176	0.013679
1.844290	0.013678
1.841405	0.013678
1.838520	0.013678
1.835634	0.013678
1.832749	0.013678
1.829864	0.013678
1.826978	0.013678
1.824093	0.013678
1.821208	0.013678
1.818323	0.013678
1.815438	0.013677
1.812552	0.013677
1.809667	0.013677
1.806782	0.013677
1.803897	0.013677
1.801012	0.013677
1.798127	0.013677
1.795242	0.013677
1.792357	0.013677
1.789472	0.013677
1.786587	0.013676
1.783702	0.013676
1.780817	0.013676
1.777932	0.013676
1.775047	0.013676
1.772162	0.013676
1.769278	0.013676
1.766393	0.013676
1.763508	0.013676
1.760623	0.013675
1.757738	0.013675
1.754854	0.013675
1.751969	0.013675
1.749084	0.013675
1.746200	0.013675
1.743315	0.013675
1.740431	0.013675
1.737546	0.013675
1.734661	0.013674
1.731777	0.013674
1.728892	0.013674
1.726008	0.013674
1.723123	0.013674
1.720239	0.013674
1.717355	0.013674
1.714470	0.013674
1.711586	0.013673
1.708702	0.013673
1.705817	0.013673
1.702933	0.013673
1.700049	0.013673
1.697165	0.013673
1.694280	0.013673
1.691396	0.013673
1.688512	0.013673
1.685628	0.013672
1.682744	0.013672
1.679860	0.013672
1.676976	0.013672
1.674092	0.013672
1.671208	0.013672
1.668324	0.013672
1.665440	0.013672
1.662556	0.013671
1.659672	0.013671
1.656788	0.013671
1.653904	0.013671
1.651020	0.013671
1.648137	0.013671
1.645253	0.013671
1.642369	0.013671
1.639485	0.013670
1.636602	0.013670
1.633718	0.013670
1.630835	0.013670
1.627951	0.013670
1.625067	0.013670
1.622184	0.013670
1.619300	0.013670
1.616417	0.013669
1.613533	0.013669
1.610650	0.013669
1.607766	0.013669
1.604883	0.013669
1.602000	0.013669
1.599116	0.013669
1.596233	0.013668
1.593350	0.013668
1.590467	0.013668
1.587583	0.013668
1.584700	0.013668
1.581817	0.013668
1.578934	0.013668
1.576051	0.013668
1.573168	0.013667
1.570285	0.013667
1.567402	0.013667
1.564519	0.013667
1.561636	0.013667
1.558753	0.013667
1.555870	0.013667
1.552987	0.013666
1.550104	0.013666
1.547222	0.013666
1.544339	0.013666
1.541456	0.013666
1.538573	0.013666
1.535691	0.013666
1.532808	0.013665
1.529925	0.013665
1.527043	0.013665
1.524160	0.013665
1.521278	0.013665
1.518395	0.013665
1.515513	0.013665
1.512630	0.013664
1.509748	0.013664
1.506866	0.013664
1.503983	0.013664
1.501101	0.013664
1.498219	0.013664
1.495336	0.013664
1.492454	0.013663
1.489572	0.013663
1.486690	0.013663
1.483808	0.013663
1.480926	0.013663
1.478043	0.013663
1.475161	0.013662
1.472279	0.013662
1.469398	0.013662
1.466516	0.013662
1.463634	0.013662
1.460752	0.013662
1.457870	0.013662
1.454988	0.013661
1.452106	0.013661
1.449225	0.013661
1.446343	0.013661
1.443461	0.013661
1.440580	0.013661
1.437698	0.013660
1.434817	0.013660
1.431935	0.013660
1.429054	0.013660
1.426172	0.013660
1.423291	0.013660
1.420409	0.013659
1.417528	0.013659
1.414647	0.013659
1.411765	0.013659
1.408884	0.013659
1.406003	0.013659
1.403122	0.013658
1.400240	0.013658
1.397359	0.013658
1.394478	0.013658
1.391597	0.013658
1.388716	0.013658
1.385835	0.013657
1.382954	0.013657
1.380073	0.013657
1.377193	0.013657
1.374312	0.013657
1.371431	0.013657
1.368550	0.013656
1.365670	0.013656
1.362789	0.013656
1.359908	0.013656
1.357028	0.013656
1.354147	0.013656
1.351266	0.013655
1.348386	0.013655
1.345506	0.013655
1.342625	0.013655
1.339745	0.013655
1.336864	0.013654
1.333984	0.013654
1.331104	0.013654
1.328224	0.013654
1.325343	0.013654
1.322463	0.013654
1.319583	0.013653
1.316703	0.013653
1.313823	0.013653
1.310943	0.013653
1.308063	0.013653
1.305183	0.013652
1.302303	0.013652
1.299424	0.013652
1.296544	0.013652
1.293664	0.013652
1.290784	0.013652
1.287905	0.013651
1.285025	0.013651
1.282145	0.013651
1.279266	0.013651
1.276386	0.013651
1.273507	0.013650
1.270627	0.013650
1.267748	0.013650
1.264869	0.013650
1.261989	0.013650
1.259110	0.013649
1.256231	0.013649
1.253352	0.013649
1.250473	0.013649
1.247593	0.013649
1.244714	0.013648
1.241835	0.013648
1.238956	0.013648
1.236078	0.013648
1.233199	0.013648
1.230320	0.013647
1.227441	0.013647
1.224562	0.013647
1.221684	0.013647
1.218805	0.013647
1.215926	0.013646
1.213048	0.013646
1.210169	0.013646
1.207291	0.013646
1.204412	0.013645
1.201534	0.013645
1.198656	0.013645
1.195777	0.013645
1.192899	0.013645
1.190021	0.013644
1.187143	0.013644
1.184264	0.013644
1.181386	0.013644
1.178508	0.013644
1.175630	0.013643
1.172752	0.013643
1.169875	0.013643
1.166997	0.013643
1.164119	0.013642
1.161241	0.013642
1.158364	0.013642
1.155486	0.013642
1.152608	0.013641
1.149731	0.013641
1.146853	0.013641
1.143976	0.013641
1.141098	0.013641
1.138221	0.013640
1.135344	0.013640
1.132466	0.013640
1.129589	0.013640
1.126712	0.013639
1.123835	0.013639
1.120958	0.013639
1.118081	0.013639
1.115204	0.013638
1.112327	0.013638
1.109450	0.013638
1.106573	0.013638
1.103697	0.013637
1.100820	0.013637
1.097943	0.013637
1.095067	0.013637
1.092190	0.013637
1.089314	0.013636
1.086437	0.013636
1.083561	0.013636
1.080684	0.013636
1.077808	0.013635
1.074932	0.013635
1.072056	0.013635
1.069180	0.013635
1.066303	0.013634
1.063427	0.013634
1.060551	0.013634
1.057676	0.013633
1.054800	0.013633
1.051924	0.013633
1.049048	0.013633
1.046172	0.013632
1.043297	0.013632
1.040421	0.013632
1.037546	0.013632
1.034670	0.013631
1.031795	0.013631
1.028919	0.013631
1.026044	0.013631
1.023169	0.013630
1.020294	0.013630
1.017419	0.013630
1.014544	0.013629
1.011669	0.013629
1.008794	0.013629
1.005919	0.013629
1.003044	0.013628
1.000169	0.013628
0.997294	0.013628
0.994420	0.013628
0.991545	0.013627
0.988671	0.013627
0.985796	0.013627
0.982922	0.013626
0.980047	0.013626
0.977173	0.013626
0.974299	0.013626
0.971425	0.013625
0.968550	0.013625
0.965676	0.013625
0.962802	0.013624
0.959929	0.013624
0.957055	0.013624
0.954181	0.013623
0.951307	0.013623
0.948433	0.013623
0.945560	0.013623
0.942686	0.013622
0.939813	0.013622
0.936939	0.013622
0.934066	0.013621
0.931193	0.013621
0.928320	0.013621
0.925446	0.013620
0.922573	0.013620
0.919700	0.013620
0.916827	0.013619
0.913954	0.013619
0.911082	0.013619
0.908209	0.013618
0.905336	0.013618
0.902464	0.013618
0.899591	0.013618
0.896719	0.013617
0.893846	0.013617
0.890974	0.013617
0.888102	0.013616
0.885229	0.013616
0.882357	0.013616
0.879485	0.013615
0.876613	0.013615
0.873741	0.013615
0.870869	0.013614
0.867998	0.013614
0.865126	0.013614
0.862254	0.013613
0.859383	0.013613
0.856511	0.013612
0.853640	0.013612
0.850769	0.013612
0.847897	0.013611
0.845026	0.013611
0.842155	0.013611
0.839284	0.013610
0.836413	0.013610
0.833542	0.013610
0.830671	0.013609
0.827801	0.013609
0.824930	0.013609
0.822059	0.013608
0.819189	0.013608
0.816318	0.013607
0.813448	0.013607
0.810578	0.013607
0.807708	0.013606
0.804838	0.013606
0.801968	0.013606
0.799098	0.013605
0.796228	0.013605
0.793358	0.013604
0.790488	0.013604
0.787619	0.013604
0.784749	0.013603
0.781880	0.013603
0.779010	0.013602
0.776141	0.013602
0.773272	0.013602
0.770403	0.013601
0.767534	0.013601
0.764665	0.013600
0.761796	0.013600
0.758927	0.013600
0.756058	0.013599
0.753190	0.013599
0.750321	0.013598
0.747453	0.013598
0.744585	0.013598
0.741716	0.013597
0.738848	0.013597
0.735980	0.013596
0.733112	0.013596
0.730244	0.013595
0.727376	0.013595
0.724509	0.013595
0.721641	0.013594
0.718774	0.013594
0.715906	0.013593
0.713039	0.013593
0.710172	0.013592
0.707305	0.013592
0.704437	0.013591
0.701571	0.013591
0.698704	0.013591
0.695837	0.013590
0.692970	0.013590
0.690104	0.013589
0.687237	0.013589
0.684371	0.013588
0.681505	0.013588
0.678638	0.013587
0.675772	0.013587
0.672906	0.013586
0.670041	0.013586
0.667175	0.013585
0.664309	0.013585
0.661444	0.013584
0.658578	0.013584
0.655713	0.013583
0.652848	0.013583
0.649982	0.013582
0.647117	0.013582
0.644252	0.013581
0.641388	0.013581
0.638523	0.013580
0.635658	0.013580
0.632794	0.013579
0.629929	0.013579
0.627065	0.013578
0.624201	0.013578
0.621337	0.013577
0.618473	0.013577
0.615609	0.013576
0.612745	0.013576
0.609882	0.013575
0.607018	0.013575
0.604155	0.013574
0.601292	0.013573
0.598429	0.013573
0.595566	0.013572
0.592703	0.013572
0.589840	0.013571
0.586977	0.013571
0.584115	0.013570
0.581252	0.013569
0.578390	0.013569
0.575528	0.013568
0.572666	0.013568
0.569804	0.013567
0.566942	0.013567
0.564081	0.013566
0.561219	0.013565
0.558358	0.013565
0.555496	0.013564
0.552635	0.013563
0.549774	0.013563
0.546913	0.013562
0.544052	0.013562
0.541192	0.013561
0.538331	0.013560
0.535471	0.013560
0.532611	0.013559
0.529751	0.013558
0.526891	0.013558
0.524031	0.013557
0.521171	0.013556
0.518312	0.013556
0.515452	0.013555
0.512593	0.013554
0.509734	0.013554
0.506875	0.013553
0.504016	0.013552
0.501158	0.013552
0.498299	0.013551
0.495441	0.013550
0.492583	0.013550
0.489725	0.013549
0.486867	0.013548
0.484009	0.013547
0.481151	0.013547
0.478294	0.013546
0.475437	0.013545
0.472579	0.013544
0.469722	0.013544
0.466866	0.013543
0.464009	0.013542
0.461152	0.013541
0.458296	0.013541
0.455440	0.013540
0.452584	0.013539
0.449728	0.013538
0.446872	0.013537
0.444017	0.013537
0.441162	0.013536
0.438307	0.013535
0.435452	0.013534
0.432597	0.013533
0.429742	0.013533
0.426888	0.013532
0.424033	0.013531
0.421179	0.013530
0.418325	0.013529
0.415472	0.013528
0.412618	0.013527
0.409765	0.013526
0.406912	0.013526
0.404059	0.013525
0.401206	0.013524
0.398353	0.013523
0.395501	0.013522
0.392649	0.013521
0.389797	0.013520
0.386945	0.013519
0.384094	0.013518
0.381242	0.013517
0.378391	0.013516
0.375540	0.013515
0.372689	0.013514
0.369839	0.013513
0.366989	0.013512
0.364138	0.013511
0.361289	0.013510
0.358439	0.013509
0.355589	0.013508
0.352740	0.013507
0.349891	0.013506
0.347043	0.013505
0.344194	0.013504
0.341346	0.013503
0.338498	0.013501
0.335650	0.013500
0.332802	0.013499
0.329955	0.013498
0.327108	0.013497
0.324261	0.013496
0.321415	0.013494
0.318568	0.013493
0.315722	0.013492
0.312876	0.013491
0.310031	0.013489
0.307186	0.013488
0.304341	0.013487
0.301496	0.013486
0.298651	0.013484
0.295807	0.013483
0.292963	0.013482
0.290120	0.013480
0.287276	0.013479
0.284433	0.013478
0.281591	0.013476
0.278748	0.013475
0.275906	0.013473
0.273064	0.013472
0.270223	0.013470
0.267381	0.013469
0.264541	0.013467
0.261700	0.013466
0.258860	0.013464
0.256020	0.013463
0.253180	0.013461
0.250341	0.013460
0.247502	0.013458
0.244664	0.013456
0.241826	0.013455
0.238988	0.013453
0.236150	0.013451
0.233313	0.013449
0.230477	0.013448
0.227640	0.013446
0.224804	0.013444
0.221969	0.013442
0.219134	0.013440
0.216299	0.013438
0.213465	0.013436
0.210631	0.013434
0.207797	0.013432
0.204964	0.013430
0.202132	0.013428
0.199299	0.013426
0.196468	0.013424
0.193636	0.013422
0.190806	0.013419
0.187975	0.013417
0.185146	0.013415
0.182316	0.013412
0.179488	0.013410
0.176659	0.013408
0.173832	0.013405
0.171004	0.013402
0.168178	0.013400
0.165352	0.013397
0.162526	0.013394
0.159701	0.013392
0.156877	0.013389
0.154053	0.013386
0.151230	0.013383
0.148408	0.013380
0.145586	0.013377
0.142765	0.013374
0.139945	0.013370
0.137125	0.013367
0.134306	0.013364
0.131488	0.013360
0.128670	0.013356
0.125853	0.013353
0.123038	0.013349
0.120223	0.013345
0.117408	0.013341
0.114595	0.013337
0.111783	0.013332
0.108971	0.013328
0.106161	0.013323
0.103351	0.013319
0.100543	0.013314
0.097736	0.013308
