5.5	 0	0.509684471355	8.14152732271e+24
5.49992710827	 1	1.82651004742	3.74686352882e+26
5.4996659434	 2	6.54530327059	1.72421333846e+28
5.49873235755	 3	23.4407899711	7.91987649945e+29
5.49549071879	 4	83.2392225321	3.54638371511e+31
5.48716701635	 5	270.33715163	1.21483942982e+33
5.48567813505	 6	270.33715163	1.21483942982e+33
5.48129298618	 7	270.33715163	1.21483942982e+33
5.47891397636	 8	270.33715163	1.21483942982e+33
5.47553225001	 9	270.33715163	1.21483942982e+33
5.47277086357	10	270.33715163	1.21483942982e+33
5.46966651094	11	270.33715163	1.21483942982e+33
5.46676510981	12	270.33715163	1.21483942982e+33
5.4637480853	13	270.33715163	1.21483942982e+33
5.46079840946	14	270.33715163	1.21483942982e+33
5.45780998156	15	270.33715163	1.21483942982e+33
5.45484399912	16	270.33715163	1.21483942982e+33
5.45186505057	17	270.33715163	1.21483942982e+33
5.44889359082	18	270.33715163	1.21483942982e+33
5.44591779129	19	270.33715163	1.21483942982e+33
5.44294448846	20	270.33715163	1.21483942982e+33
5.43996972949	21	270.33715163	1.21483942982e+33
5.43699579961	22	270.33715163	1.21483942982e+33
5.43402137745	23	270.33715163	1.21483942982e+33
5.43104722707	24	270.33715163	1.21483942982e+33
5.42807290664	25	270.33715163	1.21483942982e+33
5.42509867169	26	270.33715163	1.21483942982e+33
5.42212437444	27	270.33715163	1.21483942982e+33
5.41915010037	28	270.33715163	1.21483942982e+33
5.41617580006	29	270.33715163	1.21483942982e+33
5.4132015021	30	270.33715163	1.21483942982e+33
5.41022718997	31	270.33715163	1.21483942982e+33
5.40725287324	32	270.33715163	1.21483942982e+33
5.40427854639	33	270.33715163	1.21483942982e+33
5.40130421261	34	270.33715163	1.21483942982e+33
5.39832987007	35	270.33715163	1.21483942982e+33
5.39535551985	36	270.33715163	1.21483942982e+33
5.39238116134	37	270.33715163	1.21483942982e+33
5.38940679489	38	270.33715163	1.21483942982e+33
5.38643242032	39	270.33715163	1.21483942982e+33
5.38345803774	40	270.33715163	1.21483942982e+33
5.38048364711	41	270.33715163	1.21483942982e+33
5.37750924845	42	270.33715163	1.21483942982e+33
5.37453484177	43	270.33715163	1.21483942982e+33
5.37156042708	44	270.33715163	1.21483942982e+33
5.36858600438	45	270.33715163	1.21483942982e+33
5.36561157369	46	270.33715163	1.21483942982e+33
5.362637135	47	270.33715163	1.21483942982e+33
5.35966268833	48	270.33715163	1.21483942982e+33
5.35668823368	49	270.33715163	1.21483942982e+33
5.35371377107	50	270.33715163	1.21483942982e+33
5.3507393005	51	270.33715163	1.21483942982e+33
5.34776482198	52	270.33715163	1.21483942982e+33
5.34479033552	53	270.33715163	1.21483942982e+33
5.34181584111	54	270.33715163	1.21483942982e+33
5.33884133879	55	270.33715163	1.21483942982e+33
5.33586682854	56	270.33715163	1.21483942982e+33
5.33289231038	57	270.33715163	1.21483942982e+33
5.32991778431	58	270.33715163	1.21483942982e+33
5.32694325035	59	270.33715163	1.21483942982e+33
5.32396870851	60	270.33715163	1.21483942982e+33
5.32099415878	61	270.33715163	1.21483942982e+33
5.31801960118	62	270.33715163	1.21483942982e+33
5.31504503571	63	270.33715163	1.21483942982e+33
5.31207046239	64	270.33715163	1.21483942982e+33
5.30909588122	65	270.33715163	1.21483942982e+33
5.30612129221	66	270.33715163	1.21483942982e+33
5.30314669537	67	270.33715163	1.21483942982e+33
5.30017209071	68	270.33715163	1.21483942982e+33
5.29719747822	69	270.33715163	1.21483942982e+33
5.29422285793	70	270.33715163	1.21483942982e+33
5.29124822984	71	270.33715163	1.21483942982e+33
5.28827359396	72	270.33715163	1.21483942982e+33
5.28529895029	73	270.33715163	1.21483942982e+33
5.28232429885	74	270.33715163	1.21483942982e+33
5.27934963964	75	270.33715163	1.21483942982e+33
5.27637497266	76	270.33715163	1.21483942982e+33
5.27340029794	77	270.33715163	1.21483942982e+33
5.27042561547	78	270.33715163	1.21483942982e+33
5.26745092527	79	270.33715163	1.21483942982e+33
5.26447622734	80	270.33715163	1.21483942982e+33
5.26150152169	81	270.33715163	1.21483942982e+33
5.25852680833	82	270.33715163	1.21483942982e+33
5.25555208727	83	270.33715163	1.21483942982e+33
5.25257735851	84	270.33715163	1.21483942982e+33
5.24960262206	85	270.33715163	1.21483942982e+33
5.24662787794	86	270.33715163	1.21483942982e+33
5.24365312614	87	270.33715163	1.21483942982e+33
5.24067836669	88	270.33715163	1.21483942982e+33
5.23770359958	89	270.33715163	1.21483942982e+33
5.23472882482	90	270.33715163	1.21483942982e+33
5.23175404243	91	270.33715163	1.21483942982e+33
5.2287792524	92	270.33715163	1.21483942982e+33
5.22580445476	93	270.33715163	1.21483942982e+33
5.2228296495	94	270.33715163	1.21483942982e+33
5.21985483664	95	270.33715163	1.21483942982e+33
5.21688001618	96	270.33715163	1.21483942982e+33
5.21390518814	97	270.33715163	1.21483942982e+33
5.21093035251	98	270.33715163	1.21483942982e+33
5.20795550932	99	270.33715163	1.21483942982e+33
5.20498065856	100	270.33715163	1.21483942982e+33
5.20200580024	101	270.33715163	1.21483942982e+33
5.19903093438	102	270.33715163	1.21483942982e+33
5.19605606099	103	270.33715163	1.21483942982e+33
5.19308118006	104	270.33715163	1.21483942982e+33
5.19010629161	105	270.33715163	1.21483942982e+33
5.18713139565	106	270.33715163	1.21483942982e+33
5.18415649218	107	270.33715163	1.21483942982e+33
5.18118158122	108	270.33715163	1.21483942982e+33
5.17820666277	109	270.33715163	1.21483942982e+33
5.17523173684	110	270.33715163	1.21483942982e+33
5.17225680344	111	270.33715163	1.21483942982e+33
5.16928186258	112	270.33715163	1.21483942982e+33
5.16630691426	113	270.33715163	1.21483942982e+33
5.1633319585	114	270.33715163	1.21483942982e+33
5.16035699531	115	270.33715163	1.21483942982e+33
5.15738202468	116	270.33715163	1.21483942982e+33
5.15440704663	117	270.33715163	1.21483942982e+33
5.15143206118	118	270.33715163	1.21483942982e+33
5.14845706832	119	270.33715163	1.21483942982e+33
5.14548206806	120	270.33715163	1.21483942982e+33
5.14250706042	121	270.33715163	1.21483942982e+33
5.1395320454	122	270.33715163	1.21483942982e+33
5.13655702302	123	270.33715163	1.21483942982e+33
5.13358199327	124	270.33715163	1.21483942982e+33
5.13060695617	125	270.33715163	1.21483942982e+33
5.12763191173	126	270.33715163	1.21483942982e+33
5.12465685996	127	270.33715163	1.21483942982e+33
5.12168180086	128	270.33715163	1.21483942982e+33
5.11870673444	129	270.33715163	1.21483942982e+33
5.11573166071	130	270.33715163	1.21483942982e+33
5.11275657969	131	270.33715163	1.21483942982e+33
5.10978149137	132	270.33715163	1.21483942982e+33
5.10680639577	133	270.33715163	1.21483942982e+33
5.1038312929	134	270.33715163	1.21483942982e+33
5.10085618276	135	270.33715163	1.21483942982e+33
5.09788106537	136	270.33715163	1.21483942982e+33
5.09490594072	137	270.33715163	1.21483942982e+33
5.09193080884	138	270.33715163	1.21483942982e+33
5.08895566973	139	270.33715163	1.21483942982e+33
5.0859805234	140	270.33715163	1.21483942982e+33
5.08300536986	141	270.33715163	1.21483942982e+33
5.08003020911	142	270.33715163	1.21483942982e+33
5.07705504116	143	270.33715163	1.21483942982e+33
5.07407986603	144	270.33715163	1.21483942982e+33
5.07110468372	145	270.33715163	1.21483942982e+33
5.06812949425	146	270.33715163	1.21483942982e+33
5.06515429761	147	270.33715163	1.21483942982e+33
5.06217909382	148	270.33715163	1.21483942982e+33
5.05920388289	149	270.33715163	1.21483942982e+33
5.05622866483	150	270.33715163	1.21483942982e+33
5.05325343964	151	270.33715163	1.21483942982e+33
5.05027820734	152	270.33715163	1.21483942982e+33
5.04730296793	153	270.33715163	1.21483942982e+33
5.04432772143	154	270.33715163	1.21483942982e+33
5.04135246783	155	270.33715163	1.21483942982e+33
5.03837720715	156	270.33715163	1.21483942982e+33
5.03540193941	157	270.33715163	1.21483942982e+33
5.0324266646	158	270.33715163	1.21483942982e+33
5.02945138273	159	270.33715163	1.21483942982e+33
5.02647609383	160	270.33715163	1.21483942982e+33
5.02350079789	161	270.33715163	1.21483942982e+33
5.02052549492	162	270.33715163	1.21483942982e+33
5.01755018494	163	270.33715163	1.21483942982e+33
5.01457486794	164	270.33715163	1.21483942982e+33
5.01159954395	165	270.33715163	1.21483942982e+33
5.00862421297	166	270.33715163	1.21483942982e+33
5.00564887501	167	270.33715163	1.21483942982e+33
5.00267353007	168	270.33715163	1.21483942982e+33
4.99969817817	169	270.33715163	1.21483942982e+33
4.99672281932	170	270.33715163	1.21483942982e+33
4.99374745353	171	270.33715163	1.21483942982e+33
4.9907720808	172	270.33715163	1.21483942982e+33
4.98779670114	173	270.33715163	1.21483942982e+33
4.98482131456	174	270.33715163	1.21483942982e+33
4.98184592108	175	270.33715163	1.21483942982e+33
4.9788705207	176	270.33715163	1.21483942982e+33
4.97589511343	177	270.33715163	1.21483942982e+33
4.97291969927	178	270.33715163	1.21483942982e+33
4.96994427825	179	270.33715163	1.21483942982e+33
4.96696885036	180	270.33715163	1.21483942982e+33
4.96399341562	181	270.33715163	1.21483942982e+33
4.96101797404	182	270.33715163	1.21483942982e+33
4.95804252562	183	270.33715163	1.21483942982e+33
4.95506707038	184	270.33715163	1.21483942982e+33
4.95209160832	185	270.33715163	1.21483942982e+33
4.94911613946	186	270.33715163	1.21483942982e+33
4.94614066379	187	270.33715163	1.21483942982e+33
4.94316518134	188	270.33715163	1.21483942982e+33
4.94018969211	189	270.33715163	1.21483942982e+33
4.93721419611	190	270.33715163	1.21483942982e+33
4.93423869335	191	270.33715163	1.21483942982e+33
4.93126318384	192	270.33715163	1.21483942982e+33
4.92828766759	193	270.33715163	1.21483942982e+33
4.92531214461	194	270.33715163	1.21483942982e+33
4.9223366149	195	270.33715163	1.21483942982e+33
4.91936107848	196	270.33715163	1.21483942982e+33
4.91638553535	197	270.33715163	1.21483942982e+33
4.91340998554	198	270.33715163	1.21483942982e+33
4.91043442903	199	270.33715163	1.21483942982e+33
4.90745886585	200	270.33715163	1.21483942982e+33
4.90448329601	201	270.33715163	1.21483942982e+33
4.9015077195	202	270.33715163	1.21483942982e+33
4.89853213636	203	270.33715163	1.21483942982e+33
4.89555654657	204	270.33715163	1.21483942982e+33
4.89258095015	205	270.33715163	1.21483942982e+33
4.88960534712	206	270.33715163	1.21483942982e+33
4.88662973748	207	270.33715163	1.21483942982e+33
4.88365412123	208	270.33715163	1.21483942982e+33
4.8806784984	209	270.33715163	1.21483942982e+33
4.87770286899	210	270.33715163	1.21483942982e+33
4.874727233	211	270.33715163	1.21483942982e+33
4.87175159046	212	270.33715163	1.21483942982e+33
4.86877594136	213	270.33715163	1.21483942982e+33
4.86580028572	214	270.33715163	1.21483942982e+33
4.86282462355	215	270.33715163	1.21483942982e+33
4.85984895486	216	270.33715163	1.21483942982e+33
4.85687327965	217	270.33715163	1.21483942982e+33
4.85389759794	218	270.33715163	1.21483942982e+33
4.85092190973	219	270.33715163	1.21483942982e+33
4.84794621504	220	270.33715163	1.21483942982e+33
4.84497051388	221	270.33715163	1.21483942982e+33
4.84199480625	222	270.33715163	1.21483942982e+33
4.83901909217	223	270.33715163	1.21483942982e+33
4.83604337164	224	270.33715163	1.21483942982e+33
4.83306764468	225	270.33715163	1.21483942982e+33
4.83009191129	226	270.33715163	1.21483942982e+33
4.82711617149	227	270.33715163	1.21483942982e+33
4.82414042527	228	270.33715163	1.21483942982e+33
4.82116467267	229	270.33715163	1.21483942982e+33
4.81818891367	230	270.33715163	1.21483942982e+33
4.8152131483	231	270.33715163	1.21483942982e+33
4.81223737657	232	270.33715163	1.21483942982e+33
4.80926159847	233	270.33715163	1.21483942982e+33
4.80628581403	234	270.33715163	1.21483942982e+33
4.80331002326	235	270.33715163	1.21483942982e+33
4.80033422615	236	270.33715163	1.21483942982e+33
4.79735842273	237	270.33715163	1.21483942982e+33
4.794382613	238	270.33715163	1.21483942982e+33
4.79140679697	239	270.33715163	1.21483942982e+33
4.78843097466	240	270.33715163	1.21483942982e+33
4.78545514607	241	270.33715163	1.21483942982e+33
4.78247931121	242	270.33715163	1.21483942982e+33
4.77950347009	243	270.33715163	1.21483942982e+33
4.77652762273	244	270.33715163	1.21483942982e+33
4.77355176912	245	270.33715163	1.21483942982e+33
4.77057590929	246	270.33715163	1.21483942982e+33
4.76760004325	247	270.33715163	1.21483942982e+33
4.76462417099	248	270.33715163	1.21483942982e+33
4.76164829254	249	270.33715163	1.21483942982e+33
4.7586724079	250	270.33715163	1.21483942982e+33
4.75569651709	251	270.33715163	1.21483942982e+33
4.75272062011	252	270.33715163	1.21483942982e+33
4.74974471697	253	270.33715163	1.21483942982e+33
4.74676880768	254	270.33715163	1.21483942982e+33
4.74379289226	255	270.33715163	1.21483942982e+33
4.74081697071	256	270.33715163	1.21483942982e+33
4.73784104305	257	270.33715163	1.21483942982e+33
4.73486510928	258	270.33715163	1.21483942982e+33
4.73188916941	259	270.33715163	1.21483942982e+33
4.72891322346	260	270.33715163	1.21483942982e+33
4.72593727143	261	270.33715163	1.21483942982e+33
4.72296131334	262	270.33715163	1.21483942982e+33
4.71998534919	263	270.33715163	1.21483942982e+33
4.717009379	264	270.33715163	1.21483942982e+33
4.71403340278	265	270.33715163	1.21483942982e+33
4.71105742053	266	270.33715163	1.21483942982e+33
4.70808143226	267	270.33715163	1.21483942982e+33
4.705105438	268	270.33715163	1.21483942982e+33
4.70212943774	269	270.33715163	1.21483942982e+33
4.6991534315	270	270.33715163	1.21483942982e+33
4.69617741928	271	270.33715163	1.21483942982e+33
4.69320140111	272	270.33715163	1.21483942982e+33
4.69022537698	273	270.33715163	1.21483942982e+33
4.68724934692	274	270.33715163	1.21483942982e+33
4.68427331092	275	270.33715163	1.21483942982e+33
4.681297269	276	270.33715163	1.21483942982e+33
4.67832122117	277	270.33715163	1.21483942982e+33
4.67534516745	278	270.33715163	1.21483942982e+33
4.67236910783	279	270.33715163	1.21483942982e+33
4.66939304234	280	270.33715163	1.21483942982e+33
4.66641697098	281	270.33715163	1.21483942982e+33
4.66344089376	282	270.33715163	1.21483942982e+33
4.6604648107	283	270.33715163	1.21483942982e+33
4.6574887218	284	270.33715163	1.21483942982e+33
4.65451262707	285	270.33715163	1.21483942982e+33
4.65153652653	286	270.33715163	1.21483942982e+33
4.64856042019	287	270.33715163	1.21483942982e+33
4.64558430805	288	270.33715163	1.21483942982e+33
4.64260819013	289	270.33715163	1.21483942982e+33
4.63963206644	290	270.33715163	1.21483942982e+33
4.63665593698	291	270.33715163	1.21483942982e+33
4.63367980178	292	270.33715163	1.21483942982e+33
4.63070366084	293	270.33715163	1.21483942982e+33
4.62772751416	294	270.33715163	1.21483942982e+33
4.62475136177	295	270.33715163	1.21483942982e+33
4.62177520367	296	270.33715163	1.21483942982e+33
4.61879903987	297	270.33715163	1.21483942982e+33
4.61582287038	298	270.33715163	1.21483942982e+33
4.61284669522	299	270.33715163	1.21483942982e+33
4.6098705144	300	270.33715163	1.21483942982e+33
4.60689432792	301	270.33715163	1.21483942982e+33
4.6039181358	302	270.33715163	1.21483942982e+33
4.60094193804	303	270.33715163	1.21483942982e+33
4.59796573467	304	270.33715163	1.21483942982e+33
4.59498952568	305	270.33715163	1.21483942982e+33
4.59201331109	306	270.33715163	1.21483942982e+33
4.58903709092	307	270.33715163	1.21483942982e+33
4.58606086516	308	270.33715163	1.21483942982e+33
4.58308463384	309	270.33715163	1.21483942982e+33
4.58010839697	310	270.33715163	1.21483942982e+33
4.57713215455	311	270.33715163	1.21483942982e+33
4.57415590659	312	270.33715163	1.21483942982e+33
4.57117965311	313	270.33715163	1.21483942982e+33
4.56820339412	314	270.33715163	1.21483942982e+33
4.56522712963	315	270.33715163	1.21483942982e+33
4.56225085965	316	270.33715163	1.21483942982e+33
4.55927458419	317	270.33715163	1.21483942982e+33
4.55629830326	318	270.33715163	1.21483942982e+33
4.55332201687	319	270.33715163	1.21483942982e+33
4.55034572504	320	270.33715163	1.21483942982e+33
4.54736942777	321	270.33715163	1.21483942982e+33
4.54439312508	322	270.33715163	1.21483942982e+33
4.54141681698	323	270.33715163	1.21483942982e+33
4.53844050348	324	270.33715163	1.21483942982e+33
4.53546418459	325	270.33715163	1.21483942982e+33
4.53248786032	326	270.33715163	1.21483942982e+33
4.52951153068	327	270.33715163	1.21483942982e+33
4.52653519568	328	270.33715163	1.21483942982e+33
4.52355885534	329	270.33715163	1.21483942982e+33
4.52058250967	330	270.33715163	1.21483942982e+33
4.51760615867	331	270.33715163	1.21483942982e+33
4.51462980236	332	270.33715163	1.21483942982e+33
4.51165344075	333	270.33715163	1.21483942982e+33
4.50867707386	334	270.33715163	1.21483942982e+33
4.50570070168	335	270.33715163	1.21483942982e+33
4.50272432424	336	270.33715163	1.21483942982e+33
4.49974794155	337	270.33715163	1.21483942982e+33
4.49677155361	338	270.33715163	1.21483942982e+33
4.49379516044	339	270.33715163	1.21483942982e+33
4.49081876205	340	270.33715163	1.21483942982e+33
4.48784235845	341	270.33715163	1.21483942982e+33
4.48486594965	342	270.33715163	1.21483942982e+33
4.48188953567	343	270.33715163	1.21483942982e+33
4.47891311652	344	270.33715163	1.21483942982e+33
4.4759366922	345	270.33715163	1.21483942982e+33
4.47296026272	346	270.33715163	1.21483942982e+33
4.46998382811	347	270.33715163	1.21483942982e+33
4.46700738837	348	270.33715163	1.21483942982e+33
4.46403094352	349	270.33715163	1.21483942982e+33
4.46105449356	350	270.33715163	1.21483942982e+33
4.4580780385	351	270.33715163	1.21483942982e+33
4.45510157836	352	270.33715163	1.21483942982e+33
4.45212511315	353	270.33715163	1.21483942982e+33
4.44914864289	354	270.33715163	1.21483942982e+33
4.44617216757	355	270.33715163	1.21483942982e+33
4.44319568723	356	270.33715163	1.21483942982e+33
4.44021920185	357	270.33715163	1.21483942982e+33
4.43724271147	358	270.33715163	1.21483942982e+33
4.43426621608	359	270.33715163	1.21483942982e+33
4.43128971571	360	270.33715163	1.21483942982e+33
4.42831321036	361	270.33715163	1.21483942982e+33
4.42533670004	362	270.33715163	1.21483942982e+33
4.42236018477	363	270.33715163	1.21483942982e+33
4.41938366456	364	270.33715163	1.21483942982e+33
4.41640713942	365	270.33715163	1.21483942982e+33
4.41343060937	366	270.33715163	1.21483942982e+33
4.4104540744	367	270.33715163	1.21483942982e+33
4.40747753455	368	270.33715163	1.21483942982e+33
4.40450098981	369	270.33715163	1.21483942982e+33
4.4015244402	370	270.33715163	1.21483942982e+33
4.39854788573	371	270.33715163	1.21483942982e+33
4.39557132642	372	270.33715163	1.21483942982e+33
4.39259476227	373	270.33715163	1.21483942982e+33
4.3896181933	374	270.33715163	1.21483942982e+33
4.38664161952	375	270.33715163	1.21483942982e+33
4.38366504094	376	270.33715163	1.21483942982e+33
4.38068845757	377	270.33715163	1.21483942982e+33
4.37771186944	378	270.33715163	1.21483942982e+33
4.37473527653	379	270.33715163	1.21483942982e+33
4.37175867888	380	270.33715163	1.21483942982e+33
4.36878207649	381	270.33715163	1.21483942982e+33
4.36580546938	382	270.33715163	1.21483942982e+33
4.36282885755	383	270.33715163	1.21483942982e+33
4.35985224102	384	270.33715163	1.21483942982e+33
4.3568756198	385	270.33715163	1.21483942982e+33
4.35389899391	386	270.33715163	1.21483942982e+33
4.35092236335	387	270.33715163	1.21483942982e+33
4.34794572813	388	270.33715163	1.21483942982e+33
4.34496908828	389	270.33715163	1.21483942982e+33
4.3419924438	390	270.33715163	1.21483942982e+33
4.3390157947	391	270.33715163	1.21483942982e+33
4.336039141	392	270.33715163	1.21483942982e+33
4.33306248271	393	270.33715163	1.21483942982e+33
4.33008581983	394	270.33715163	1.21483942982e+33
4.3271091524	395	270.33715163	1.21483942982e+33
4.32413248041	396	270.33715163	1.21483942982e+33
4.32115580387	397	270.33715163	1.21483942982e+33
4.31817912281	398	270.33715163	1.21483942982e+33
4.31520243723	399	270.33715163	1.21483942982e+33
4.31222574715	400	270.33715163	1.21483942982e+33
4.30924905257	401	270.33715163	1.21483942982e+33
4.30627235351	402	270.33715163	1.21483942982e+33
4.30329564999	403	270.33715163	1.21483942982e+33
4.30031894202	404	270.33715163	1.21483942982e+33
4.2973422296	405	270.33715163	1.21483942982e+33
4.29436551275	406	270.33715163	1.21483942982e+33
4.29138879148	407	270.33715163	1.21483942982e+33
4.28841206582	408	270.33715163	1.21483942982e+33
4.28543533575	409	270.33715163	1.21483942982e+33
4.28245860132	410	270.33715163	1.21483942982e+33
4.27948186251	411	270.33715163	1.21483942982e+33
4.27650511935	412	270.33715163	1.21483942982e+33
4.27352837185	413	270.33715163	1.21483942982e+33
4.27055162002	414	270.33715163	1.21483942982e+33
4.26757486388	415	270.33715163	1.21483942982e+33
4.26459810343	416	270.33715163	1.21483942982e+33
4.2616213387	417	270.33715163	1.21483942982e+33
4.25864456968	418	270.33715163	1.21483942982e+33
4.25566779641	419	270.33715163	1.21483942982e+33
4.25269101888	420	270.33715163	1.21483942982e+33
4.24971423711	421	270.33715163	1.21483942982e+33
4.24673745112	422	270.33715163	1.21483942982e+33
4.24376066091	423	270.33715163	1.21483942982e+33
4.2407838665	424	270.33715163	1.21483942982e+33
4.23780706791	425	270.33715163	1.21483942982e+33
4.23483026514	426	270.33715163	1.21483942982e+33
4.23185345821	427	270.33715163	1.21483942982e+33
4.22887664714	428	270.33715163	1.21483942982e+33
4.22589983192	429	270.33715163	1.21483942982e+33
4.22292301259	430	270.33715163	1.21483942982e+33
4.21994618915	431	270.33715163	1.21483942982e+33
4.21696936161	432	270.33715163	1.21483942982e+33
4.21399252998	433	270.33715163	1.21483942982e+33
4.21101569429	434	270.33715163	1.21483942982e+33
4.20803885454	435	270.33715163	1.21483942982e+33
4.20506201075	436	270.33715163	1.21483942982e+33
4.20208516292	437	270.33715163	1.21483942982e+33
4.19910831108	438	270.33715163	1.21483942982e+33
4.19613145524	439	270.33715163	1.21483942982e+33
4.1931545954	440	270.33715163	1.21483942982e+33
4.19017773159	441	270.33715163	1.21483942982e+33
4.18720086381	442	270.33715163	1.21483942982e+33
4.18422399208	443	270.33715163	1.21483942982e+33
4.18124711641	444	270.33715163	1.21483942982e+33
4.17827023682	445	270.33715163	1.21483942982e+33
4.17529335332	446	270.33715163	1.21483942982e+33
4.17231646591	447	270.33715163	1.21483942982e+33
4.16933957463	448	270.33715163	1.21483942982e+33
4.16636267947	449	270.33715163	1.21483942982e+33
4.16338578046	450	270.33715163	1.21483942982e+33
4.1604088776	451	270.33715163	1.21483942982e+33
4.15743197091	452	270.33715163	1.21483942982e+33
4.1544550604	453	270.33715163	1.21483942982e+33
4.15147814609	454	270.33715163	1.21483942982e+33
4.14850122799	455	270.33715163	1.21483942982e+33
4.14552430611	456	270.33715163	1.21483942982e+33
4.14254738047	457	270.33715163	1.21483942982e+33
4.13957045108	458	270.33715163	1.21483942982e+33
4.13659351795	459	270.33715163	1.21483942982e+33
4.1336165811	460	270.33715163	1.21483942982e+33
4.13063964054	461	270.33715163	1.21483942982e+33
4.12766269629	462	270.33715163	1.21483942982e+33
4.12468574835	463	270.33715163	1.21483942982e+33
4.12170879675	464	270.33715163	1.21483942982e+33
4.1187318415	465	270.33715163	1.21483942982e+33
4.1157548826	466	270.33715163	1.21483942982e+33
4.11277792008	467	270.33715163	1.21483942982e+33
4.10980095394	468	270.33715163	1.21483942982e+33
4.1068239842	469	270.33715163	1.21483942982e+33
4.10384701088	470	270.33715163	1.21483942982e+33
4.10087003399	471	270.33715163	1.21483942982e+33
4.09789305354	472	270.33715163	1.21483942982e+33
4.09491606955	473	270.33715163	1.21483942982e+33
4.09193908203	474	270.33715163	1.21483942982e+33
4.08896209099	475	270.33715163	1.21483942982e+33
4.08598509646	476	270.33715163	1.21483942982e+33
4.08300809843	477	270.33715163	1.21483942982e+33
4.08003109693	478	270.33715163	1.21483942982e+33
4.07705409197	479	270.33715163	1.21483942982e+33
4.07407708356	480	270.33715163	1.21483942982e+33
4.07110007173	481	270.33715163	1.21483942982e+33
4.06812305647	482	270.33715163	1.21483942982e+33
4.06514603782	483	270.33715163	1.21483942982e+33
4.06216901577	484	270.33715163	1.21483942982e+33
4.05919199035	485	270.33715163	1.21483942982e+33
4.05621496157	486	270.33715163	1.21483942982e+33
4.05323792944	487	270.33715163	1.21483942982e+33
4.05026089398	488	270.33715163	1.21483942982e+33
4.0472838552	489	270.33715163	1.21483942982e+33
4.04430681311	490	270.33715163	1.21483942982e+33
4.04132976774	491	270.33715163	1.21483942982e+33
4.03835271909	492	270.33715163	1.21483942982e+33
4.03537566718	493	270.33715163	1.21483942982e+33
4.03239861203	494	270.33715163	1.21483942982e+33
4.02942155364	495	270.33715163	1.21483942982e+33
4.02644449203	496	270.33715163	1.21483942982e+33
4.02346742722	497	270.33715163	1.21483942982e+33
4.02049035923	498	270.33715163	1.21483942982e+33
4.01751328805	499	270.33715163	1.21483942982e+33
4.01453621372	500	270.33715163	1.21483942982e+33
4.01155913624	501	270.33715163	1.21483942982e+33
4.00858205563	502	270.33715163	1.21483942982e+33
4.00560497191	503	270.33715163	1.21483942982e+33
4.00262788508	504	270.33715163	1.21483942982e+33
3.99965079517	505	270.33715163	1.21483942982e+33
3.99667370218	506	270.33715163	1.21483942982e+33
3.99369660614	507	270.33715163	1.21483942982e+33
3.99071950705	508	270.33715163	1.21483942982e+33
3.98774240493	509	270.33715163	1.21483942982e+33
3.9847652998	510	270.33715163	1.21483942982e+33
3.98178819168	511	270.33715163	1.21483942982e+33
3.97881108056	512	270.33715163	1.21483942982e+33
3.97583396648	513	270.33715163	1.21483942982e+33
3.97285684944	514	270.33715163	1.21483942982e+33
3.96987972946	515	270.33715163	1.21483942982e+33
3.96690260656	516	270.33715163	1.21483942982e+33
3.96392548075	517	270.33715163	1.21483942982e+33
3.96094835204	518	270.33715163	1.21483942982e+33
3.95797122046	519	270.33715163	1.21483942982e+33
3.954994086	520	270.33715163	1.21483942982e+33
3.9520169487	521	270.33715163	1.21483942982e+33
3.94903980856	522	270.33715163	1.21483942982e+33
3.9460626656	523	270.33715163	1.21483942982e+33
3.94308551984	524	270.33715163	1.21483942982e+33
3.94010837129	525	270.33715163	1.21483942982e+33
3.93713121996	526	270.33715163	1.21483942982e+33
3.93415406587	527	270.33715163	1.21483942982e+33
3.93117690904	528	270.33715163	1.21483942982e+33
3.92819974947	529	270.33715163	1.21483942982e+33
3.9252225872	530	270.33715163	1.21483942982e+33
3.92224542222	531	270.33715163	1.21483942982e+33
3.91926825456	532	270.33715163	1.21483942982e+33
3.91629108423	533	270.33715163	1.21483942982e+33
3.91331391125	534	270.33715163	1.21483942982e+33
3.91033673563	535	270.33715163	1.21483942982e+33
3.90735955739	536	270.33715163	1.21483942982e+33
3.90438237654	537	270.33715163	1.21483942982e+33
3.9014051931	538	270.33715163	1.21483942982e+33
3.89842800708	539	270.33715163	1.21483942982e+33
3.8954508185	540	270.33715163	1.21483942982e+33
3.89247362737	541	270.33715163	1.21483942982e+33
3.88949643372	542	270.33715163	1.21483942982e+33
3.88651923755	543	270.33715163	1.21483942982e+33
3.88354203888	544	270.33715163	1.21483942982e+33
3.88056483773	545	270.33715163	1.21483942982e+33
3.87758763411	546	270.33715163	1.21483942982e+33
3.87461042804	547	270.33715163	1.21483942982e+33
3.87163321954	548	270.33715163	1.21483942982e+33
3.86865600861	549	270.33715163	1.21483942982e+33
3.86567879527	550	270.33715163	1.21483942982e+33
3.86270157955	551	270.33715163	1.21483942982e+33
3.85972436145	552	270.33715163	1.21483942982e+33
3.856747141	553	270.33715163	1.21483942982e+33
3.8537699182	554	270.33715163	1.21483942982e+33
3.85079269308	555	270.33715163	1.21483942982e+33
3.84781546565	556	270.33715163	1.21483942982e+33
3.84483823592	557	270.33715163	1.21483942982e+33
3.84186100392	558	270.33715163	1.21483942982e+33
3.83888376965	559	270.33715163	1.21483942982e+33
3.83590653313	560	270.33715163	1.21483942982e+33
3.83292929439	561	270.33715163	1.21483942982e+33
3.82995205343	562	270.33715163	1.21483942982e+33
3.82697481027	563	270.33715163	1.21483942982e+33
3.82399756493	564	270.33715163	1.21483942982e+33
3.82102031742	565	270.33715163	1.21483942982e+33
3.81804306776	566	270.33715163	1.21483942982e+33
3.81506581597	567	270.33715163	1.21483942982e+33
3.81208856205	568	270.33715163	1.21483942982e+33
3.80911130604	569	270.33715163	1.21483942982e+33
3.80613404794	570	270.33715163	1.21483942982e+33
3.80315678778	571	270.33715163	1.21483942982e+33
3.80017952556	572	270.33715163	1.21483942982e+33
3.7972022613	573	270.33715163	1.21483942982e+33
3.79422499502	574	270.33715163	1.21483942982e+33
3.79124772674	575	270.33715163	1.21483942982e+33
3.78827045647	576	270.33715163	1.21483942982e+33
3.78529318423	577	270.33715163	1.21483942982e+33
3.78231591003	578	270.33715163	1.21483942982e+33
3.7793386339	579	270.33715163	1.21483942982e+33
3.77636135584	580	270.33715163	1.21483942982e+33
3.77338407588	581	270.33715163	1.21483942982e+33
3.77040679403	582	270.33715163	1.21483942982e+33
3.76742951031	583	270.33715163	1.21483942982e+33
3.76445222473	584	270.33715163	1.21483942982e+33
3.76147493731	585	270.33715163	1.21483942982e+33
3.75849764807	586	270.33715163	1.21483942982e+33
3.75552035703	587	270.33715163	1.21483942982e+33
3.75254306419	588	270.33715163	1.21483942982e+33
3.74956576959	589	270.33715163	1.21483942982e+33
3.74658847323	590	270.33715163	1.21483942982e+33
3.74361117513	591	270.33715163	1.21483942982e+33
3.7406338753	592	270.33715163	1.21483942982e+33
3.73765657378	593	270.33715163	1.21483942982e+33
3.73467927056	594	270.33715163	1.21483942982e+33
3.73170196568	595	270.33715163	1.21483942982e+33
3.72872465914	596	270.33715163	1.21483942982e+33
3.72574735096	597	270.33715163	1.21483942982e+33
3.72277004116	598	270.33715163	1.21483942982e+33
3.71979272976	599	270.33715163	1.21483942982e+33
3.71681541678	600	270.33715163	1.21483942982e+33
3.71383810222	601	270.33715163	1.21483942982e+33
3.71086078611	602	270.33715163	1.21483942982e+33
3.70788346847	603	270.33715163	1.21483942982e+33
3.70490614931	604	270.33715163	1.21483942982e+33
3.70192882865	605	270.33715163	1.21483942982e+33
3.69895150651	606	270.33715163	1.21483942982e+33
3.6959741829	607	270.33715163	1.21483942982e+33
3.69299685784	608	270.33715163	1.21483942982e+33
3.69001953135	609	270.33715163	1.21483942982e+33
3.68704220345	610	270.33715163	1.21483942982e+33
3.68406487415	611	270.33715163	1.21483942982e+33
3.68108754347	612	270.33715163	1.21483942982e+33
3.67811021144	613	270.33715163	1.21483942982e+33
3.67513287805	614	270.33715163	1.21483942982e+33
3.67215554334	615	270.33715163	1.21483942982e+33
3.66917820732	616	270.33715163	1.21483942982e+33
3.66620087001	617	270.33715163	1.21483942982e+33
3.66322353143	618	270.33715163	1.21483942982e+33
3.66024619158	619	270.33715163	1.21483942982e+33
3.6572688505	620	270.33715163	1.21483942982e+33
3.6542915082	621	270.33715163	1.21483942982e+33
3.6513141647	622	270.33715163	1.21483942982e+33
3.64833682001	623	270.33715163	1.21483942982e+33
3.64535947415	624	270.33715163	1.21483942982e+33
3.64238212714	625	270.33715163	1.21483942982e+33
3.639404779	626	270.33715163	1.21483942982e+33
3.63642742975	627	270.33715163	1.21483942982e+33
3.6334500794	628	270.33715163	1.21483942982e+33
3.63047272797	629	270.33715163	1.21483942982e+33
3.62749537548	630	270.33715163	1.21483942982e+33
3.62451802195	631	270.33715163	1.21483942982e+33
3.62154066739	632	270.33715163	1.21483942982e+33
3.61856331183	633	270.33715163	1.21483942982e+33
3.61558595528	634	270.33715163	1.21483942982e+33
3.61260859776	635	270.33715163	1.21483942982e+33
3.60963123929	636	270.33715163	1.21483942982e+33
3.60665387988	637	270.33715163	1.21483942982e+33
3.60367651956	638	270.33715163	1.21483942982e+33
3.60069915834	639	270.33715163	1.21483942982e+33
3.59772179624	640	270.33715163	1.21483942982e+33
3.59474443328	641	270.33715163	1.21483942982e+33
3.59176706947	642	270.33715163	1.21483942982e+33
3.58878970485	643	270.33715163	1.21483942982e+33
3.58581233942	644	270.33715163	1.21483942982e+33
3.5828349732	645	270.33715163	1.21483942982e+33
3.57985760621	646	270.33715163	1.21483942982e+33
3.57688023847	647	270.33715163	1.21483942982e+33
3.57390287	648	270.33715163	1.21483942982e+33
3.57092550081	649	270.33715163	1.21483942982e+33
3.56794813094	650	270.33715163	1.21483942982e+33
3.56497076038	651	270.33715163	1.21483942982e+33
3.56199338917	652	270.33715163	1.21483942982e+33
3.55901601732	653	270.33715163	1.21483942982e+33
3.55603864485	654	270.33715163	1.21483942982e+33
3.55306127178	655	270.33715163	1.21483942982e+33
3.55008389812	656	270.33715163	1.21483942982e+33
3.54710652391	657	270.33715163	1.21483942982e+33
3.54412914914	658	270.33715163	1.21483942982e+33
3.54115177386	659	270.33715163	1.21483942982e+33
3.53817439806	660	270.33715163	1.21483942982e+33
3.53519702178	661	270.33715163	1.21483942982e+33
3.53221964503	662	270.33715163	1.21483942982e+33
3.52924226783	663	270.33715163	1.21483942982e+33
3.52626489019	664	270.33715163	1.21483942982e+33
3.52328751215	665	270.33715163	1.21483942982e+33
3.52031013372	666	270.33715163	1.21483942982e+33
3.51733275491	667	270.33715163	1.21483942982e+33
3.51435537574	668	270.33715163	1.21483942982e+33
3.51137799624	669	270.33715163	1.21483942982e+33
3.50840061643	670	270.33715163	1.21483942982e+33
3.50542323632	671	270.33715163	1.21483942982e+33
3.50244585593	672	270.33715163	1.21483942982e+33
3.49946847529	673	270.33715163	1.21483942982e+33
3.4964910944	674	270.33715163	1.21483942982e+33
3.4935137133	675	270.33715163	1.21483942982e+33
3.490536332	676	270.33715163	1.21483942982e+33
3.48755895052	677	270.33715163	1.21483942982e+33
3.48458156888	678	270.33715163	1.21483942982e+33
3.4816041871	679	270.33715163	1.21483942982e+33
3.47862680519	680	270.33715163	1.21483942982e+33
3.47564942319	681	270.33715163	1.21483942982e+33
3.4726720411	682	270.33715163	1.21483942982e+33
3.46969465895	683	270.33715163	1.21483942982e+33
3.46671727676	684	270.33715163	1.21483942982e+33
3.46373989455	685	270.33715163	1.21483942982e+33
3.46076251234	686	270.33715163	1.21483942982e+33
3.45778513014	687	270.33715163	1.21483942982e+33
3.45480774798	688	270.33715163	1.21483942982e+33
3.45183036587	689	270.33715163	1.21483942982e+33
3.44885298385	690	270.33715163	1.21483942982e+33
3.44587560192	691	270.33715163	1.21483942982e+33
3.44289822011	692	270.33715163	1.21483942982e+33
3.43992083843	693	270.33715163	1.21483942982e+33
3.43694345691	694	270.33715163	1.21483942982e+33
3.43396607557	695	270.33715163	1.21483942982e+33
3.43098869443	696	270.33715163	1.21483942982e+33
3.42801131351	697	270.33715163	1.21483942982e+33
3.42503393282	698	270.33715163	1.21483942982e+33
3.4220565524	699	270.33715163	1.21483942982e+33
3.41907917225	700	270.33715163	1.21483942982e+33
3.4161017924	701	270.33715163	1.21483942982e+33
3.41312441287	702	270.33715163	1.21483942982e+33
3.41014703368	703	270.33715163	1.21483942982e+33
3.40716965485	704	270.33715163	1.21483942982e+33
3.40419227641	705	270.33715163	1.21483942982e+33
3.40121489836	706	270.33715163	1.21483942982e+33
3.39823752074	707	270.33715163	1.21483942982e+33
3.39526014356	708	270.33715163	1.21483942982e+33
3.39228276684	709	270.33715163	1.21483942982e+33
3.38930539061	710	270.33715163	1.21483942982e+33
3.38632801489	711	270.33715163	1.21483942982e+33
3.38335063969	712	270.33715163	1.21483942982e+33
3.38037326503	713	270.33715163	1.21483942982e+33
3.37739589095	714	270.33715163	1.21483942982e+33
3.37441851745	715	270.33715163	1.21483942982e+33
3.37144114457	716	270.33715163	1.21483942982e+33
3.36846377231	717	270.33715163	1.21483942982e+33
3.36548640071	718	270.33715163	1.21483942982e+33
3.36250902977	719	270.33715163	1.21483942982e+33
3.35953165954	720	270.33715163	1.21483942982e+33
3.35655429001	721	270.33715163	1.21483942982e+33
3.35357692123	722	270.33715163	1.21483942982e+33
3.3505995532	723	270.33715163	1.21483942982e+33
3.34762218595	724	270.33715163	1.21483942982e+33
3.3446448195	725	270.33715163	1.21483942982e+33
3.34166745387	726	270.33715163	1.21483942982e+33
3.33869008908	727	270.33715163	1.21483942982e+33
3.33571272516	728	270.33715163	1.21483942982e+33
3.33273536212	729	270.33715163	1.21483942982e+33
3.32975799999	730	270.33715163	1.21483942982e+33
3.32678063879	731	270.33715163	1.21483942982e+33
3.32380327854	732	270.33715163	1.21483942982e+33
3.32082591927	733	270.33715163	1.21483942982e+33
3.31784856098	734	270.33715163	1.21483942982e+33
3.31487120371	735	270.33715163	1.21483942982e+33
3.31189384748	736	270.33715163	1.21483942982e+33
3.30891649231	737	270.33715163	1.21483942982e+33
3.30593913822	738	270.33715163	1.21483942982e+33
3.30296178523	739	270.33715163	1.21483942982e+33
3.29998443336	740	270.33715163	1.21483942982e+33
3.29700708265	741	270.33715163	1.21483942982e+33
3.2940297331	742	270.33715163	1.21483942982e+33
3.29105238474	743	270.33715163	1.21483942982e+33
3.28807503759	744	270.33715163	1.21483942982e+33
3.28509769168	745	270.33715163	1.21483942982e+33
3.28212034703	746	270.33715163	1.21483942982e+33
3.27914300365	747	270.33715163	1.21483942982e+33
3.27616566158	748	270.33715163	1.21483942982e+33
3.27318832083	749	270.33715163	1.21483942982e+33
3.27021098142	750	270.33715163	1.21483942982e+33
3.26723364339	751	270.33715163	1.21483942982e+33
3.26425630674	752	270.33715163	1.21483942982e+33
3.26127897151	753	270.33715163	1.21483942982e+33
3.25830163772	754	270.33715163	1.21483942982e+33
3.25532430538	755	270.33715163	1.21483942982e+33
3.25234697453	756	270.33715163	1.21483942982e+33
3.24936964518	757	270.33715163	1.21483942982e+33
3.24639231735	758	270.33715163	1.21483942982e+33
3.24341499108	759	270.33715163	1.21483942982e+33
3.24043766637	760	270.33715163	1.21483942982e+33
3.23746034326	761	270.33715163	1.21483942982e+33
3.23448302177	762	270.33715163	1.21483942982e+33
3.23150570192	763	270.33715163	1.21483942982e+33
3.22852838374	764	270.33715163	1.21483942982e+33
3.22555106724	765	270.33715163	1.21483942982e+33
3.22257375245	766	270.33715163	1.21483942982e+33
3.21959643939	767	270.33715163	1.21483942982e+33
3.21661912809	768	270.33715163	1.21483942982e+33
3.21364181856	769	270.33715163	1.21483942982e+33
3.21066451084	770	270.33715163	1.21483942982e+33
3.20768720495	771	270.33715163	1.21483942982e+33
3.2047099009	772	270.33715163	1.21483942982e+33
3.20173259873	773	270.33715163	1.21483942982e+33
3.19875529845	774	270.33715163	1.21483942982e+33
3.19577800009	775	270.33715163	1.21483942982e+33
3.19280070367	776	270.33715163	1.21483942982e+33
3.18982340922	777	270.33715163	1.21483942982e+33
3.18684611676	778	270.33715163	1.21483942982e+33
3.18386882631	779	270.33715163	1.21483942982e+33
3.1808915379	780	270.33715163	1.21483942982e+33
3.17791425155	781	270.33715163	1.21483942982e+33
3.17493696728	782	270.33715163	1.21483942982e+33
3.17195968513	783	270.33715163	1.21483942982e+33
3.1689824051	784	270.33715163	1.21483942982e+33
3.16600512723	785	270.33715163	1.21483942982e+33
3.16302785155	786	270.33715163	1.21483942982e+33
3.16005057806	787	270.33715163	1.21483942982e+33
3.15707330681	788	270.33715163	1.21483942982e+33
3.1540960378	789	270.33715163	1.21483942982e+33
3.15111877107	790	270.33715163	1.21483942982e+33
3.14814150665	791	270.33715163	1.21483942982e+33
3.14516424455	792	270.33715163	1.21483942982e+33
3.14218698479	793	270.33715163	1.21483942982e+33
3.13920972741	794	270.33715163	1.21483942982e+33
3.13623247243	795	270.33715163	1.21483942982e+33
3.13325521988	796	270.33715163	1.21483942982e+33
3.13027796976	797	270.33715163	1.21483942982e+33
3.12730072212	798	270.33715163	1.21483942982e+33
3.12432347698	799	270.33715163	1.21483942982e+33
3.12134623436	800	270.33715163	1.21483942982e+33
3.11836899428	801	270.33715163	1.21483942982e+33
3.11539175677	802	270.33715163	1.21483942982e+33
3.11241452186	803	270.33715163	1.21483942982e+33
3.10943728957	804	270.33715163	1.21483942982e+33
3.10646005992	805	270.33715163	1.21483942982e+33
3.10348283294	806	270.33715163	1.21483942982e+33
3.10050560866	807	270.33715163	1.21483942982e+33
3.09752838709	808	270.33715163	1.21483942982e+33
3.09455116828	809	270.33715163	1.21483942982e+33
3.09157395223	810	270.33715163	1.21483942982e+33
3.08859673897	811	270.33715163	1.21483942982e+33
3.08561952854	812	270.33715163	1.21483942982e+33
3.08264232095	813	270.33715163	1.21483942982e+33
3.07966511624	814	270.33715163	1.21483942982e+33
3.07668791441	815	270.33715163	1.21483942982e+33
3.07371071552	816	270.33715163	1.21483942982e+33
3.07073351957	817	270.33715163	1.21483942982e+33
3.06775632659	818	270.33715163	1.21483942982e+33
3.06477913661	819	270.33715163	1.21483942982e+33
3.06180194965	820	270.33715163	1.21483942982e+33
3.05882476575	821	270.33715163	1.21483942982e+33
3.05584758492	822	270.33715163	1.21483942982e+33
3.05287040719	823	270.33715163	1.21483942982e+33
3.04989323259	824	270.33715163	1.21483942982e+33
3.04691606114	825	270.33715163	1.21483942982e+33
3.04393889288	826	270.33715163	1.21483942982e+33
3.04096172781	827	270.33715163	1.21483942982e+33
3.03798456598	828	270.33715163	1.21483942982e+33
3.03500740741	829	270.33715163	1.21483942982e+33
3.03203025212	830	270.33715163	1.21483942982e+33
3.02905310014	831	270.33715163	1.21483942982e+33
3.0260759515	832	270.33715163	1.21483942982e+33
3.02309880622	833	270.33715163	1.21483942982e+33
3.02012166433	834	270.33715163	1.21483942982e+33
3.01714452585	835	270.33715163	1.21483942982e+33
3.01416739082	836	270.33715163	1.21483942982e+33
3.01119025925	837	270.33715163	1.21483942982e+33
3.00821313118	838	270.33715163	1.21483942982e+33
3.00523600664	839	270.33715163	1.21483942982e+33
3.00225888564	840	270.33715163	1.21483942982e+33
2.99928176821	841	270.33715163	1.21483942982e+33
2.99630465439	842	270.33715163	1.21483942982e+33
2.9933275442	843	270.33715163	1.21483942982e+33
2.99035043767	844	270.33715163	1.21483942982e+33
2.98737333481	845	270.33715163	1.21483942982e+33
2.98439623567	846	270.33715163	1.21483942982e+33
2.98141914027	847	270.33715163	1.21483942982e+33
2.97844204863	848	270.33715163	1.21483942982e+33
2.97546496078	849	270.33715163	1.21483942982e+33
2.97248787676	850	270.33715163	1.21483942982e+33
2.96951079657	851	270.33715163	1.21483942982e+33
2.96653372027	852	270.33715163	1.21483942982e+33
2.96355664786	853	270.33715163	1.21483942982e+33
2.96057957938	854	270.33715163	1.21483942982e+33
2.95760251486	855	270.33715163	1.21483942982e+33
2.95462545433	856	270.33715163	1.21483942982e+33
2.95164839781	857	270.33715163	1.21483942982e+33
2.94867134532	858	270.33715163	1.21483942982e+33
2.94569429691	859	270.33715163	1.21483942982e+33
2.94271725259	860	270.33715163	1.21483942982e+33
2.93974021239	861	270.33715163	1.21483942982e+33
2.93676317634	862	270.33715163	1.21483942982e+33
2.93378614448	863	270.33715163	1.21483942982e+33
2.93080911682	864	270.33715163	1.21483942982e+33
2.9278320934	865	270.33715163	1.21483942982e+33
2.92485507424	866	270.33715163	1.21483942982e+33
2.92187805938	867	270.33715163	1.21483942982e+33
2.91890104883	868	270.33715163	1.21483942982e+33
2.91592404264	869	270.33715163	1.21483942982e+33
2.91294704082	870	270.33715163	1.21483942982e+33
2.90997004341	871	270.33715163	1.21483942982e+33
2.90699305043	872	270.33715163	1.21483942982e+33
2.90401606192	873	270.33715163	1.21483942982e+33
2.9010390779	874	270.33715163	1.21483942982e+33
2.8980620984	875	270.33715163	1.21483942982e+33
2.89508512345	876	270.33715163	1.21483942982e+33
2.89210815308	877	270.33715163	1.21483942982e+33
2.88913118732	878	270.33715163	1.21483942982e+33
2.88615422619	879	270.33715163	1.21483942982e+33
2.88317726973	880	270.33715163	1.21483942982e+33
2.88020031797	881	270.33715163	1.21483942982e+33
2.87722337093	882	270.33715163	1.21483942982e+33
2.87424642864	883	270.33715163	1.21483942982e+33
2.87126949114	884	270.33715163	1.21483942982e+33
2.86829255845	885	270.33715163	1.21483942982e+33
2.86531563061	886	270.33715163	1.21483942982e+33
2.86233870763	887	270.33715163	1.21483942982e+33
2.85936178955	888	270.33715163	1.21483942982e+33
2.85638487641	889	270.33715163	1.21483942982e+33
2.85340796823	890	270.33715163	1.21483942982e+33
2.85043106504	891	270.33715163	1.21483942982e+33
2.84745416686	892	270.33715163	1.21483942982e+33
2.84447727374	893	270.33715163	1.21483942982e+33
2.8415003857	894	270.33715163	1.21483942982e+33
2.83852350277	895	270.33715163	1.21483942982e+33
2.83554662498	896	270.33715163	1.21483942982e+33
2.83256975236	897	270.33715163	1.21483942982e+33
2.82959288494	898	270.33715163	1.21483942982e+33
2.82661602276	899	270.33715163	1.21483942982e+33
2.82363916583	900	270.33715163	1.21483942982e+33
2.8206623142	901	270.33715163	1.21483942982e+33
2.81768546789	902	270.33715163	1.21483942982e+33
2.81470862693	903	270.33715163	1.21483942982e+33
2.81173179136	904	270.33715163	1.21483942982e+33
2.8087549612	905	270.33715163	1.21483942982e+33
2.80577813649	906	270.33715163	1.21483942982e+33
2.80280131726	907	270.33715163	1.21483942982e+33
2.79982450353	908	270.33715163	1.21483942982e+33
2.79684769535	909	270.33715163	1.21483942982e+33
2.79387089273	910	270.33715163	1.21483942982e+33
2.79089409571	911	270.33715163	1.21483942982e+33
2.78791730432	912	270.33715163	1.21483942982e+33
2.7849405186	913	270.33715163	1.21483942982e+33
2.78196373858	914	270.33715163	1.21483942982e+33
2.77898696428	915	270.33715163	1.21483942982e+33
2.77601019573	916	270.33715163	1.21483942982e+33
2.77303343298	917	270.33715163	1.21483942982e+33
2.77005667605	918	270.33715163	1.21483942982e+33
2.76707992497	919	270.33715163	1.21483942982e+33
2.76410317977	920	270.33715163	1.21483942982e+33
2.76112644049	921	270.33715163	1.21483942982e+33
2.75814970716	922	270.33715163	1.21483942982e+33
2.75517297982	923	270.33715163	1.21483942982e+33
2.75219625848	924	270.33715163	1.21483942982e+33
2.74921954319	925	270.33715163	1.21483942982e+33
2.74624283397	926	270.33715163	1.21483942982e+33
2.74326613087	927	270.33715163	1.21483942982e+33
2.7402894339	928	270.33715163	1.21483942982e+33
2.73731274311	929	270.33715163	1.21483942982e+33
2.73433605853	930	270.33715163	1.21483942982e+33
2.73135938018	931	270.33715163	1.21483942982e+33
2.72838270811	932	270.33715163	1.21483942982e+33
2.72540604234	933	270.33715163	1.21483942982e+33
2.72242938291	934	270.33715163	1.21483942982e+33
2.71945272985	935	270.33715163	1.21483942982e+33
2.71647608319	936	270.33715163	1.21483942982e+33
2.71349944297	937	270.33715163	1.21483942982e+33
2.71052280922	938	270.33715163	1.21483942982e+33
2.70754618198	939	270.33715163	1.21483942982e+33
2.70456956126	940	270.33715163	1.21483942982e+33
2.70159294712	941	270.33715163	1.21483942982e+33
2.69861633958	942	270.33715163	1.21483942982e+33
2.69563973868	943	270.33715163	1.21483942982e+33
2.69266314445	944	270.33715163	1.21483942982e+33
2.68968655692	945	270.33715163	1.21483942982e+33
2.68670997613	946	270.33715163	1.21483942982e+33
2.68373340211	947	270.33715163	1.21483942982e+33
2.68075683489	948	270.33715163	1.21483942982e+33
2.67778027451	949	270.33715163	1.21483942982e+33
2.67480372101	950	270.33715163	1.21483942982e+33
2.67182717442	951	270.33715163	1.21483942982e+33
2.66885063476	952	270.33715163	1.21483942982e+33
2.66587410208	953	270.33715163	1.21483942982e+33
2.66289757641	954	270.33715163	1.21483942982e+33
2.65992105779	955	270.33715163	1.21483942982e+33
2.65694454625	956	270.33715163	1.21483942982e+33
2.65396804182	957	270.33715163	1.21483942982e+33
2.65099154454	958	270.33715163	1.21483942982e+33
2.64801505444	959	270.33715163	1.21483942982e+33
2.64503857156	960	270.33715163	1.21483942982e+33
2.64206209593	961	270.33715163	1.21483942982e+33
2.63908562759	962	270.33715163	1.21483942982e+33
2.63610916658	963	270.33715163	1.21483942982e+33
2.63313271292	964	270.33715163	1.21483942982e+33
2.63015626666	965	270.33715163	1.21483942982e+33
2.62717982783	966	270.33715163	1.21483942982e+33
2.62420339646	967	270.33715163	1.21483942982e+33
2.62122697259	968	270.33715163	1.21483942982e+33
2.61825055626	969	270.33715163	1.21483942982e+33
2.6152741475	970	270.33715163	1.21483942982e+33
2.61229774635	971	270.33715163	1.21483942982e+33
2.60932135284	972	270.33715163	1.21483942982e+33
2.60634496701	973	270.33715163	1.21483942982e+33
2.60336858889	974	270.33715163	1.21483942982e+33
2.60039221853	975	270.33715163	1.21483942982e+33
2.59741585595	976	270.33715163	1.21483942982e+33
2.5944395012	977	270.33715163	1.21483942982e+33
2.59146315431	978	270.33715163	1.21483942982e+33
2.58848681531	979	270.33715163	1.21483942982e+33
2.58551048425	980	270.33715163	1.21483942982e+33
2.58253416116	981	270.33715163	1.21483942982e+33
2.57955784607	982	270.33715163	1.21483942982e+33
2.57658153903	983	270.33715163	1.21483942982e+33
2.57360524007	984	270.33715163	1.21483942982e+33
2.57062894923	985	270.33715163	1.21483942982e+33
2.56765266654	986	270.33715163	1.21483942982e+33
2.56467639205	987	270.33715163	1.21483942982e+33
2.56170012578	988	270.33715163	1.21483942982e+33
2.55872386778	989	270.33715163	1.21483942982e+33
2.55574761808	990	270.33715163	1.21483942982e+33
2.55277137673	991	270.33715163	1.21483942982e+33
2.54979514375	992	270.33715163	1.21483942982e+33
2.5468189192	993	270.33715163	1.21483942982e+33
2.54384270309	994	270.33715163	1.21483942982e+33
2.54086649548	995	270.33715163	1.21483942982e+33
2.5378902964	996	270.33715163	1.21483942982e+33
2.53491410589	997	270.33715163	1.21483942982e+33
2.53193792399	998	270.33715163	1.21483942982e+33
2.52896175073	999	270.33715163	1.21483942982e+33
2.52598558616	1000	270.33715163	1.21483942982e+33
2.52300943031	1001	270.33715163	1.21483942982e+33
2.52003328322	1002	270.33715163	1.21483942982e+33
2.51705714492	1003	270.33715163	1.21483942982e+33
2.51408101547	1004	270.33715163	1.21483942982e+33
2.5111048949	1005	270.33715163	1.21483942982e+33
2.50812878324	1006	270.33715163	1.21483942982e+33
2.50515268053	1007	270.33715163	1.21483942982e+33
2.50217658683	1008	270.33715163	1.21483942982e+33
2.49920050215	1009	270.33715163	1.21483942982e+33
2.49622442655	1010	270.33715163	1.21483942982e+33
2.49324836006	1011	270.33715163	1.21483942982e+33
2.49027230272	1012	270.33715163	1.21483942982e+33
2.48729625458	1013	270.33715163	1.21483942982e+33
2.48432021566	1014	270.33715163	1.21483942982e+33
2.48134418602	1015	270.33715163	1.21483942982e+33
2.47836816569	1016	270.33715163	1.21483942982e+33
2.47539215471	1017	270.33715163	1.21483942982e+33
2.47241615312	1018	270.33715163	1.21483942982e+33
2.46944016096	1019	270.33715163	1.21483942982e+33
2.46646417828	1020	270.33715163	1.21483942982e+33
2.46348820511	1021	270.33715163	1.21483942982e+33
2.46051224149	1022	270.33715163	1.21483942982e+33
2.45753628747	1023	270.33715163	1.21483942982e+33
2.45456034308	1024	270.33715163	1.21483942982e+33
2.45158440836	1025	270.33715163	1.21483942982e+33
2.44860848337	1026	270.33715163	1.21483942982e+33
2.44563256813	1027	270.33715163	1.21483942982e+33
2.44265666269	1028	270.33715163	1.21483942982e+33
2.43968076709	1029	270.33715163	1.21483942982e+33
2.43670488137	1030	270.33715163	1.21483942982e+33
2.43372900557	1031	270.33715163	1.21483942982e+33
2.43075313974	1032	270.33715163	1.21483942982e+33
2.42777728391	1033	270.33715163	1.21483942982e+33
2.42480143814	1034	270.33715163	1.21483942982e+33
2.42182560245	1035	270.33715163	1.21483942982e+33
2.4188497769	1036	270.33715163	1.21483942982e+33
2.41587396152	1037	270.33715163	1.21483942982e+33
2.41289815635	1038	270.33715163	1.21483942982e+33
2.40992236145	1039	270.33715163	1.21483942982e+33
2.40694657685	1040	270.33715163	1.21483942982e+33
2.40397080259	1041	270.33715163	1.21483942982e+33
2.40099503871	1042	270.33715163	1.21483942982e+33
2.39801928527	1043	270.33715163	1.21483942982e+33
2.3950435423	1044	270.33715163	1.21483942982e+33
2.39206780985	1045	270.33715163	1.21483942982e+33
2.38909208795	1046	270.33715163	1.21483942982e+33
2.38611637665	1047	270.33715163	1.21483942982e+33
2.38314067601	1048	270.33715163	1.21483942982e+33
2.38016498604	1049	270.33715163	1.21483942982e+33
2.37718930682	1050	270.33715163	1.21483942982e+33
2.37421363836	1051	270.33715163	1.21483942982e+33
2.37123798073	1052	270.33715163	1.21483942982e+33
2.36826233396	1053	270.33715163	1.21483942982e+33
2.3652866981	1054	270.33715163	1.21483942982e+33
2.36231107319	1055	270.33715163	1.21483942982e+33
2.35933545928	1056	270.33715163	1.21483942982e+33
2.35635985641	1057	270.33715163	1.21483942982e+33
2.35338426462	1058	270.33715163	1.21483942982e+33
2.35040868396	1059	270.33715163	1.21483942982e+33
2.34743311448	1060	270.33715163	1.21483942982e+33
2.34445755622	1061	270.33715163	1.21483942982e+33
2.34148200922	1062	270.33715163	1.21483942982e+33
2.33850647353	1063	270.33715163	1.21483942982e+33
2.3355309492	1064	270.33715163	1.21483942982e+33
2.33255543626	1065	270.33715163	1.21483942982e+33
2.32957993477	1066	270.33715163	1.21483942982e+33
2.32660444478	1067	270.33715163	1.21483942982e+33
2.32362896632	1068	270.33715163	1.21483942982e+33
2.32065349944	1069	270.33715163	1.21483942982e+33
2.31767804419	1070	270.33715163	1.21483942982e+33
2.31470260061	1071	270.33715163	1.21483942982e+33
2.31172716876	1072	270.33715163	1.21483942982e+33
2.30875174868	1073	270.33715163	1.21483942982e+33
2.3057763404	1074	270.33715163	1.21483942982e+33
2.30280094399	1075	270.33715163	1.21483942982e+33
2.29982555949	1076	270.33715163	1.21483942982e+33
2.29685018694	1077	270.33715163	1.21483942982e+33
2.29387482639	1078	270.33715163	1.21483942982e+33
2.29089947789	1079	270.33715163	1.21483942982e+33
2.28792414148	1080	270.33715163	1.21483942982e+33
2.28494881722	1081	270.33715163	1.21483942982e+33
2.28197350515	1082	270.33715163	1.21483942982e+33
2.27899820531	1083	270.33715163	1.21483942982e+33
2.27602291776	1084	270.33715163	1.21483942982e+33
2.27304764254	1085	270.33715163	1.21483942982e+33
2.27007237971	1086	270.33715163	1.21483942982e+33
2.2670971293	1087	270.33715163	1.21483942982e+33
2.26412189137	1088	270.33715163	1.21483942982e+33
2.26114666597	1089	270.33715163	1.21483942982e+33
2.25817145314	1090	270.33715163	1.21483942982e+33
2.25519625294	1091	270.33715163	1.21483942982e+33
2.2522210654	1092	270.33715163	1.21483942982e+33
2.24924589059	1093	270.33715163	1.21483942982e+33
2.24627072855	1094	270.33715163	1.21483942982e+33
2.24329557933	1095	270.33715163	1.21483942982e+33
2.24032044298	1096	270.33715163	1.21483942982e+33
2.23734531954	1097	270.33715163	1.21483942982e+33
2.23437020907	1098	270.33715163	1.21483942982e+33
2.23139511162	1099	270.33715163	1.21483942982e+33
2.22842002724	1100	270.33715163	1.21483942982e+33
2.22544495597	1101	270.33715163	1.21483942982e+33
2.22246989787	1102	270.33715163	1.21483942982e+33
2.21949485299	1103	270.33715163	1.21483942982e+33
2.21651982138	1104	270.33715163	1.21483942982e+33
2.21354480309	1105	270.33715163	1.21483942982e+33
2.21056979816	1106	270.33715163	1.21483942982e+33
2.20759480666	1107	270.33715163	1.21483942982e+33
2.20461982863	1108	270.33715163	1.21483942982e+33
2.20164486412	1109	270.33715163	1.21483942982e+33
2.19866991318	1110	270.33715163	1.21483942982e+33
2.19569497587	1111	270.33715163	1.21483942982e+33
2.19272005224	1112	270.33715163	1.21483942982e+33
2.18974514234	1113	270.33715163	1.21483942982e+33
2.18677024622	1114	270.33715163	1.21483942982e+33
2.18379536392	1115	270.33715163	1.21483942982e+33
2.18082049552	1116	270.33715163	1.21483942982e+33
2.17784564105	1117	270.33715163	1.21483942982e+33
2.17487080057	1118	270.33715163	1.21483942982e+33
2.17189597414	1119	270.33715163	1.21483942982e+33
2.16892116179	1120	270.33715163	1.21483942982e+33
2.1659463636	1121	270.33715163	1.21483942982e+33
2.16297157961	1122	270.33715163	1.21483942982e+33
2.15999680987	1123	270.33715163	1.21483942982e+33
2.15702205444	1124	270.33715163	1.21483942982e+33
2.15404731337	1125	270.33715163	1.21483942982e+33
2.15107258672	1126	270.33715163	1.21483942982e+33
2.14809787454	1127	270.33715163	1.21483942982e+33
2.14512317687	1128	270.33715163	1.21483942982e+33
2.14214849379	1129	270.33715163	1.21483942982e+33
2.13917382534	1130	270.33715163	1.21483942982e+33
2.13619917157	1131	270.33715163	1.21483942982e+33
2.13322453254	1132	270.33715163	1.21483942982e+33
2.13024990831	1133	270.33715163	1.21483942982e+33
2.12727529893	1134	270.33715163	1.21483942982e+33
2.12430070446	1135	270.33715163	1.21483942982e+33
2.12132612494	1136	270.33715163	1.21483942982e+33
2.11835156044	1137	270.33715163	1.21483942982e+33
2.11537701102	1138	270.33715163	1.21483942982e+33
2.11240247672	1139	270.33715163	1.21483942982e+33
2.1094279576	1140	270.33715163	1.21483942982e+33
2.10645345373	1141	270.33715163	1.21483942982e+33
2.10347896515	1142	270.33715163	1.21483942982e+33
2.10050449192	1143	270.33715163	1.21483942982e+33
2.0975300341	1144	270.33715163	1.21483942982e+33
2.09455559175	1145	270.33715163	1.21483942982e+33
2.09158116492	1146	270.33715163	1.21483942982e+33
2.08860675367	1147	270.33715163	1.21483942982e+33
2.08563235806	1148	270.33715163	1.21483942982e+33
2.08265797814	1149	270.33715163	1.21483942982e+33
2.07968361397	1150	270.33715163	1.21483942982e+33
2.07670926561	1151	270.33715163	1.21483942982e+33
2.07373493312	1152	270.33715163	1.21483942982e+33
2.07076061656	1153	270.33715163	1.21483942982e+33
2.06778631598	1154	270.33715163	1.21483942982e+33
2.06481203145	1155	270.33715163	1.21483942982e+33
2.06183776301	1156	270.33715163	1.21483942982e+33
2.05886351074	1157	270.33715163	1.21483942982e+33
2.05588927468	1158	270.33715163	1.21483942982e+33
2.05291505491	1159	270.33715163	1.21483942982e+33
2.04994085147	1160	270.33715163	1.21483942982e+33
2.04696666443	1161	270.33715163	1.21483942982e+33
2.04399249385	1162	270.33715163	1.21483942982e+33
2.04101833978	1163	270.33715163	1.21483942982e+33
2.03804420229	1164	270.33715163	1.21483942982e+33
2.03507008144	1165	270.33715163	1.21483942982e+33
2.03209597728	1166	270.33715163	1.21483942982e+33
2.02912188989	1167	270.33715163	1.21483942982e+33
2.02614781931	1168	270.33715163	1.21483942982e+33
2.02317376562	1169	270.33715163	1.21483942982e+33
2.02019972887	1170	270.33715163	1.21483942982e+33
2.01722570912	1171	270.33715163	1.21483942982e+33
2.01425170643	1172	270.33715163	1.21483942982e+33
2.01127772087	1173	270.33715163	1.21483942982e+33
2.0083037525	1174	270.33715163	1.21483942982e+33
2.00532980138	1175	270.33715163	1.21483942982e+33
2.00235586757	1176	270.33715163	1.21483942982e+33
1.99938195114	1177	270.33715163	1.21483942982e+33
1.99640805215	1178	270.33715163	1.21483942982e+33
1.99343417066	1179	270.33715163	1.21483942982e+33
1.99046030673	1180	270.33715163	1.21483942982e+33
1.98748646043	1181	270.33715163	1.21483942982e+33
1.98451263182	1182	270.33715163	1.21483942982e+33
1.98153882097	1183	270.33715163	1.21483942982e+33
1.97856502793	1184	270.33715163	1.21483942982e+33
1.97559125278	1185	270.33715163	1.21483942982e+33
1.97261749557	1186	270.33715163	1.21483942982e+33
1.96964375638	1187	270.33715163	1.21483942982e+33
1.96667003526	1188	270.33715163	1.21483942982e+33
1.96369633229	1189	270.33715163	1.21483942982e+33
1.96072264752	1190	270.33715163	1.21483942982e+33
1.95774898103	1191	270.33715163	1.21483942982e+33
1.95477533287	1192	270.33715163	1.21483942982e+33
1.95180170311	1193	270.33715163	1.21483942982e+33
1.94882809183	1194	270.33715163	1.21483942982e+33
1.94585449908	1195	270.33715163	1.21483942982e+33
1.94288092493	1196	270.33715163	1.21483942982e+33
1.93990736945	1197	270.33715163	1.21483942982e+33
1.9369338327	1198	270.33715163	1.21483942982e+33
1.93396031476	1199	270.33715163	1.21483942982e+33
1.93098681569	1200	270.33715163	1.21483942982e+33
1.92801333555	1201	270.33715163	1.21483942982e+33
1.92503987442	1202	270.33715163	1.21483942982e+33
1.92206643237	1203	270.33715163	1.21483942982e+33
1.91909300945	1204	270.33715163	1.21483942982e+33
1.91611960574	1205	270.33715163	1.21483942982e+33
1.91314622131	1206	270.33715163	1.21483942982e+33
1.91017285623	1207	270.33715163	1.21483942982e+33
1.90719951056	1208	270.33715163	1.21483942982e+33
1.90422618438	1209	270.33715163	1.21483942982e+33
1.90125287775	1210	270.33715163	1.21483942982e+33
1.89827959074	1211	270.33715163	1.21483942982e+33
1.89530632343	1212	270.33715163	1.21483942982e+33
1.89233307588	1213	270.33715163	1.21483942982e+33
1.88935984817	1214	270.33715163	1.21483942982e+33
1.88638664036	1215	270.33715163	1.21483942982e+33
1.88341345253	1216	270.33715163	1.21483942982e+33
1.88044028475	1217	270.33715163	1.21483942982e+33
1.87746713708	1218	270.33715163	1.21483942982e+33
1.8744940096	1219	270.33715163	1.21483942982e+33
1.87152090239	1220	270.33715163	1.21483942982e+33
1.8685478155	1221	270.33715163	1.21483942982e+33
1.86557474903	1222	270.33715163	1.21483942982e+33
1.86260170303	1223	270.33715163	1.21483942982e+33
1.85962867758	1224	270.33715163	1.21483942982e+33
1.85665567276	1225	270.33715163	1.21483942982e+33
1.85368268863	1226	270.33715163	1.21483942982e+33
1.85070972528	1227	270.33715163	1.21483942982e+33
1.84773678277	1228	270.33715163	1.21483942982e+33
1.84476386118	1229	270.33715163	1.21483942982e+33
1.84179096058	1230	270.33715163	1.21483942982e+33
1.83881808105	1231	270.33715163	1.21483942982e+33
1.83584522266	1232	270.33715163	1.21483942982e+33
1.83287238548	1233	270.33715163	1.21483942982e+33
1.8298995696	1234	270.33715163	1.21483942982e+33
1.82692677509	1235	270.33715163	1.21483942982e+33
1.82395400202	1236	270.33715163	1.21483942982e+33
1.82098125046	1237	270.33715163	1.21483942982e+33
1.81800852051	1238	270.33715163	1.21483942982e+33
1.81503581222	1239	270.33715163	1.21483942982e+33
1.81206312569	1240	270.33715163	1.21483942982e+33
1.80909046098	1241	270.33715163	1.21483942982e+33
1.80611781817	1242	270.33715163	1.21483942982e+33
1.80314519735	1243	270.33715163	1.21483942982e+33
1.80017259858	1244	270.33715163	1.21483942982e+33
1.79720002195	1245	270.33715163	1.21483942982e+33
1.79422746753	1246	270.33715163	1.21483942982e+33
1.79125493541	1247	270.33715163	1.21483942982e+33
1.78828242566	1248	270.33715163	1.21483942982e+33
1.78530993836	1249	270.33715163	1.21483942982e+33
1.7823374736	1250	270.33715163	1.21483942982e+33
1.77936503144	1251	270.33715163	1.21483942982e+33
1.77639261198	1252	270.33715163	1.21483942982e+33
1.77342021528	1253	270.33715163	1.21483942982e+33
1.77044784144	1254	270.33715163	1.21483942982e+33
1.76747549053	1255	270.33715163	1.21483942982e+33
1.76450316264	1256	270.33715163	1.21483942982e+33
1.76153085784	1257	270.33715163	1.21483942982e+33
1.75855857622	1258	270.33715163	1.21483942982e+33
1.75558631785	1259	270.33715163	1.21483942982e+33
1.75261408283	1260	270.33715163	1.21483942982e+33
1.74964187123	1261	270.33715163	1.21483942982e+33
1.74666968314	1262	270.33715163	1.21483942982e+33
1.74369751864	1263	270.33715163	1.21483942982e+33
1.74072537781	1264	270.33715163	1.21483942982e+33
1.73775326074	1265	270.33715163	1.21483942982e+33
1.73478116751	1266	270.33715163	1.21483942982e+33
1.7318090982	1267	270.33715163	1.21483942982e+33
1.72883705291	1268	270.33715163	1.21483942982e+33
1.72586503171	1269	270.33715163	1.21483942982e+33
1.72289303469	1270	270.33715163	1.21483942982e+33
1.71992106194	1271	270.33715163	1.21483942982e+33
1.71694911353	1272	270.33715163	1.21483942982e+33
1.71397718957	1273	270.33715163	1.21483942982e+33
1.71100529013	1274	270.33715163	1.21483942982e+33
1.70803341531	1275	270.33715163	1.21483942982e+33
1.70506156518	1276	270.33715163	1.21483942982e+33
1.70208973984	1277	270.33715163	1.21483942982e+33
1.69911793937	1278	270.33715163	1.21483942982e+33
1.69614616387	1279	270.33715163	1.21483942982e+33
1.69317441341	1280	270.33715163	1.21483942982e+33
1.6902026881	1281	270.33715163	1.21483942982e+33
1.68723098801	1282	270.33715163	1.21483942982e+33
1.68425931324	1283	270.33715163	1.21483942982e+33
1.68128766388	1284	270.33715163	1.21483942982e+33
1.67831604001	1285	270.33715163	1.21483942982e+33
1.67534444174	1286	270.33715163	1.21483942982e+33
1.67237286914	1287	270.33715163	1.21483942982e+33
1.66940132231	1288	270.33715163	1.21483942982e+33
1.66642980134	1289	270.33715163	1.21483942982e+33
1.66345830633	1290	270.33715163	1.21483942982e+33
1.66048683736	1291	270.33715163	1.21483942982e+33
1.65751539452	1292	270.33715163	1.21483942982e+33
1.65454397792	1293	270.33715163	1.21483942982e+33
1.65157258764	1294	270.33715163	1.21483942982e+33
1.64860122378	1295	270.33715163	1.21483942982e+33
1.64562988643	1296	270.33715163	1.21483942982e+33
1.64265857568	1297	270.33715163	1.21483942982e+33
1.63968729163	1298	270.33715163	1.21483942982e+33
1.63671603438	1299	270.33715163	1.21483942982e+33
1.63374480402	1300	270.33715163	1.21483942982e+33
1.63077360064	1301	270.33715163	1.21483942982e+33
1.62780242434	1302	270.33715163	1.21483942982e+33
1.62483127522	1303	270.33715163	1.21483942982e+33
1.62186015337	1304	270.33715163	1.21483942982e+33
1.61888905889	1305	270.33715163	1.21483942982e+33
1.61591799189	1306	270.33715163	1.21483942982e+33
1.61294695245	1307	270.33715163	1.21483942982e+33
1.60997594067	1308	270.33715163	1.21483942982e+33
1.60700495666	1309	270.33715163	1.21483942982e+33
1.60403400051	1310	270.33715163	1.21483942982e+33
1.60106307232	1311	270.33715163	1.21483942982e+33
1.59809217219	1312	270.33715163	1.21483942982e+33
1.59512130022	1313	270.33715163	1.21483942982e+33
1.59215045652	1314	270.33715163	1.21483942982e+33
1.58917964117	1315	270.33715163	1.21483942982e+33
1.58620885429	1316	270.33715163	1.21483942982e+33
1.58323809598	1317	270.33715163	1.21483942982e+33
1.58026736634	1318	270.33715163	1.21483942982e+33
1.57729666546	1319	270.33715163	1.21483942982e+33
1.57432599346	1320	270.33715163	1.21483942982e+33
1.57135535044	1321	270.33715163	1.21483942982e+33
1.56838473649	1322	270.33715163	1.21483942982e+33
1.56541415173	1323	270.33715163	1.21483942982e+33
1.56244359626	1324	270.33715163	1.21483942982e+33
1.55947307018	1325	270.33715163	1.21483942982e+33
1.5565025736	1326	270.33715163	1.21483942982e+33
1.55353210663	1327	270.33715163	1.21483942982e+33
1.55056166937	1328	270.33715163	1.21483942982e+33
1.54759126192	1329	270.33715163	1.21483942982e+33
1.5446208844	1330	270.33715163	1.21483942982e+33
1.54165053691	1331	270.33715163	1.21483942982e+33
1.53868021956	1332	270.33715163	1.21483942982e+33
1.53570993246	1333	270.33715163	1.21483942982e+33
1.53273967572	1334	270.33715163	1.21483942982e+33
1.52976944944	1335	270.33715163	1.21483942982e+33
1.52679925374	1336	270.33715163	1.21483942982e+33
1.52382908873	1337	270.33715163	1.21483942982e+33
1.52085895451	1338	270.33715163	1.21483942982e+33
1.5178888512	1339	270.33715163	1.21483942982e+33
1.51491877891	1340	270.33715163	1.21483942982e+33
1.51194873776	1341	270.33715163	1.21483942982e+33
1.50897872784	1342	270.33715163	1.21483942982e+33
1.50600874928	1343	270.33715163	1.21483942982e+33
1.50303880219	1344	270.33715163	1.21483942982e+33
1.50006888669	1345	270.33715163	1.21483942982e+33
1.49709900288	1346	270.33715163	1.21483942982e+33
1.49412915088	1347	270.33715163	1.21483942982e+33
1.49115933082	1348	270.33715163	1.21483942982e+33
1.48818954279	1349	270.33715163	1.21483942982e+33
1.48521978693	1350	270.33715163	1.21483942982e+33
1.48225006334	1351	270.33715163	1.21483942982e+33
1.47928037214	1352	270.33715163	1.21483942982e+33
1.47631071346	1353	270.33715163	1.21483942982e+33
1.4733410874	1354	270.33715163	1.21483942982e+33
1.47037149409	1355	270.33715163	1.21483942982e+33
1.46740193365	1356	270.33715163	1.21483942982e+33
1.4644324062	1357	270.33715163	1.21483942982e+33
1.46146291185	1358	270.33715163	1.21483942982e+33
1.45849345073	1359	270.33715163	1.21483942982e+33
1.45552402295	1360	270.33715163	1.21483942982e+33
1.45255462865	1361	270.33715163	1.21483942982e+33
1.44958526794	1362	270.33715163	1.21483942982e+33
1.44661594094	1363	270.33715163	1.21483942982e+33
1.44364664778	1364	270.33715163	1.21483942982e+33
1.44067738858	1365	270.33715163	1.21483942982e+33
1.43770816347	1366	270.33715163	1.21483942982e+33
1.43473897257	1367	270.33715163	1.21483942982e+33
1.431769816	1368	270.33715163	1.21483942982e+33
1.4288006939	1369	270.33715163	1.21483942982e+33
1.42583160639	1370	270.33715163	1.21483942982e+33
1.42286255359	1371	270.33715163	1.21483942982e+33
1.41989353563	1372	270.33715163	1.21483942982e+33
1.41692455265	1373	270.33715163	1.21483942982e+33
1.41395560476	1374	270.33715163	1.21483942982e+33
1.41098669211	1375	270.33715163	1.21483942982e+33
1.40801781481	1376	270.33715163	1.21483942982e+33
1.405048973	1377	270.33715163	1.21483942982e+33
1.40208016681	1378	270.33715163	1.21483942982e+33
1.39911139638	1379	270.33715163	1.21483942982e+33
1.39614266183	1380	270.33715163	1.21483942982e+33
1.39317396329	1381	270.33715163	1.21483942982e+33
1.3902053009	1382	270.33715163	1.21483942982e+33
1.3872366748	1383	270.33715163	1.21483942982e+33
1.38426808512	1384	270.33715163	1.21483942982e+33
1.38129953199	1385	270.33715163	1.21483942982e+33
1.37833101555	1386	270.33715163	1.21483942982e+33
1.37536253593	1387	270.33715163	1.21483942982e+33
1.37239409327	1388	270.33715163	1.21483942982e+33
1.36942568772	1389	270.33715163	1.21483942982e+33
1.3664573194	1390	270.33715163	1.21483942982e+33
1.36348898846	1391	270.33715163	1.21483942982e+33
1.36052069504	1392	270.33715163	1.21483942982e+33
1.35755243927	1393	270.33715163	1.21483942982e+33
1.3545842213	1394	270.33715163	1.21483942982e+33
1.35161604126	1395	270.33715163	1.21483942982e+33
1.34864789931	1396	270.33715163	1.21483942982e+33
1.34567979558	1397	270.33715163	1.21483942982e+33
1.34271173022	1398	270.33715163	1.21483942982e+33
1.33974370336	1399	270.33715163	1.21483942982e+33
1.33677571516	1400	270.33715163	1.21483942982e+33
1.33380776576	1401	270.33715163	1.21483942982e+33
1.33083985531	1402	270.33715163	1.21483942982e+33
1.32787198394	1403	270.33715163	1.21483942982e+33
1.32490415182	1404	270.33715163	1.21483942982e+33
1.32193635909	1405	270.33715163	1.21483942982e+33
1.31896860589	1406	270.33715163	1.21483942982e+33
1.31600089238	1407	270.33715163	1.21483942982e+33
1.3130332187	1408	270.33715163	1.21483942982e+33
1.31006558501	1409	270.33715163	1.21483942982e+33
1.30709799146	1410	270.33715163	1.21483942982e+33
1.3041304382	1411	270.33715163	1.21483942982e+33
1.30116292539	1412	270.33715163	1.21483942982e+33
1.29819545317	1413	270.33715163	1.21483942982e+33
1.2952280217	1414	270.33715163	1.21483942982e+33
1.29226063114	1415	270.33715163	1.21483942982e+33
1.28929328164	1416	270.33715163	1.21483942982e+33
1.28632597337	1417	270.33715163	1.21483942982e+33
1.28335870647	1418	270.33715163	1.21483942982e+33
1.2803914811	1419	270.33715163	1.21483942982e+33
1.27742429743	1420	270.33715163	1.21483942982e+33
1.27445715561	1421	270.33715163	1.21483942982e+33
1.27149005581	1422	270.33715163	1.21483942982e+33
1.26852299818	1423	270.33715163	1.21483942982e+33
1.2655559829	1424	270.33715163	1.21483942982e+33
1.26258901011	1425	270.33715163	1.21483942982e+33
1.25962207998	1426	270.33715163	1.21483942982e+33
1.25665519269	1427	270.33715163	1.21483942982e+33
1.25368834839	1428	270.33715163	1.21483942982e+33
1.25072154725	1429	270.33715163	1.21483942982e+33
1.24775478943	1430	270.33715163	1.21483942982e+33
1.24478807512	1431	270.33715163	1.21483942982e+33
1.24182140446	1432	270.33715163	1.21483942982e+33
1.23885477764	1433	270.33715163	1.21483942982e+33
1.23588819482	1434	270.33715163	1.21483942982e+33
1.23292165618	1435	270.33715163	1.21483942982e+33
1.22995516188	1436	270.33715163	1.21483942982e+33
1.2269887121	1437	270.33715163	1.21483942982e+33
1.22402230702	1438	270.33715163	1.21483942982e+33
1.2210559468	1439	270.33715163	1.21483942982e+33
1.21808963162	1440	270.33715163	1.21483942982e+33
1.21512336167	1441	270.33715163	1.21483942982e+33
1.21215713711	1442	270.33715163	1.21483942982e+33
1.20919095813	1443	270.33715163	1.21483942982e+33
1.2062248249	1444	270.33715163	1.21483942982e+33
1.20325873761	1445	270.33715163	1.21483942982e+33
1.20029269643	1446	270.33715163	1.21483942982e+33
1.19732670155	1447	270.33715163	1.21483942982e+33
1.19436075315	1448	270.33715163	1.21483942982e+33
1.19139485141	1449	270.33715163	1.21483942982e+33
1.18842899652	1450	270.33715163	1.21483942982e+33
1.18546318867	1451	270.33715163	1.21483942982e+33
1.18249742803	1452	270.33715163	1.21483942982e+33
1.17953171481	1453	270.33715163	1.21483942982e+33
1.17656604918	1454	270.33715163	1.21483942982e+33
1.17360043134	1455	270.33715163	1.21483942982e+33
1.17063486148	1456	270.33715163	1.21483942982e+33
1.16766933979	1457	270.33715163	1.21483942982e+33
1.16470386646	1458	270.33715163	1.21483942982e+33
1.16173844168	1459	270.33715163	1.21483942982e+33
1.15877306566	1460	270.33715163	1.21483942982e+33
1.15580773858	1461	270.33715163	1.21483942982e+33
1.15284246065	1462	270.33715163	1.21483942982e+33
1.14987723205	1463	270.33715163	1.21483942982e+33
1.146912053	1464	270.33715163	1.21483942982e+33
1.14394692369	1465	270.33715163	1.21483942982e+33
1.14098184432	1466	270.33715163	1.21483942982e+33
1.13801681509	1467	270.33715163	1.21483942982e+33
1.13505183621	1468	270.33715163	1.21483942982e+33
1.13208690788	1469	270.33715163	1.21483942982e+33
1.1291220303	1470	270.33715163	1.21483942982e+33
1.12615720369	1471	270.33715163	1.21483942982e+33
1.12319242826	1472	270.33715163	1.21483942982e+33
1.1202277042	1473	270.33715163	1.21483942982e+33
1.11726303173	1474	270.33715163	1.21483942982e+33
1.11429841107	1475	270.33715163	1.21483942982e+33
1.11133384242	1476	270.33715163	1.21483942982e+33
1.10836932599	1477	270.33715163	1.21483942982e+33
1.10540486201	1478	270.33715163	1.21483942982e+33
1.10244045069	1479	270.33715163	1.21483942982e+33
1.09947609225	1480	270.33715163	1.21483942982e+33
1.0965117869	1481	270.33715163	1.21483942982e+33
1.09354753486	1482	270.33715163	1.21483942982e+33
1.09058333636	1483	270.33715163	1.21483942982e+33
1.08761919162	1484	270.33715163	1.21483942982e+33
1.08465510086	1485	270.33715163	1.21483942982e+33
1.08169106431	1486	270.33715163	1.21483942982e+33
1.07872708218	1487	270.33715163	1.21483942982e+33
1.07576315472	1488	270.33715163	1.21483942982e+33
1.07279928215	1489	270.33715163	1.21483942982e+33
1.06983546469	1490	270.33715163	1.21483942982e+33
1.06687170258	1491	270.33715163	1.21483942982e+33
1.06390799606	1492	270.33715163	1.21483942982e+33
1.06094434535	1493	270.33715163	1.21483942982e+33
1.0579807507	1494	270.33715163	1.21483942982e+33
1.05501721233	1495	270.33715163	1.21483942982e+33
1.05205373049	1496	270.33715163	1.21483942982e+33
1.04909030542	1497	270.33715163	1.21483942982e+33
1.04612693735	1498	270.33715163	1.21483942982e+33
1.04316362654	1499	270.33715163	1.21483942982e+33
1.04020037322	1500	270.33715163	1.21483942982e+33
1.03723717763	1501	270.33715163	1.21483942982e+33
1.03427404004	1502	270.33715163	1.21483942982e+33
1.03131096068	1503	270.33715163	1.21483942982e+33
1.0283479398	1504	270.33715163	1.21483942982e+33
1.02538497766	1505	270.33715163	1.21483942982e+33
1.02242207451	1506	270.33715163	1.21483942982e+33
1.0194592306	1507	270.33715163	1.21483942982e+33
1.01649644619	1508	270.33715163	1.21483942982e+33
1.01353372154	1509	270.33715163	1.21483942982e+33
1.0105710569	1510	270.33715163	1.21483942982e+33
1.00760845254	1511	270.33715163	1.21483942982e+33
1.00464590871	1512	270.33715163	1.21483942982e+33
1.00168342569	1513	270.33715163	1.21483942982e+33
0.99872100374	1514	270.33715163	1.21483942982e+33
0.995758643122	1515	270.33715163	1.21483942982e+33
0.992796344108	1516	270.33715163	1.21483942982e+33
0.989834106968	1517	270.33715163	1.21483942982e+33
0.986871931975	1518	270.33715163	1.21483942982e+33
0.983909819403	1519	270.33715163	1.21483942982e+33
0.980947769528	1520	270.33715163	1.21483942982e+33
0.977985782626	1521	270.33715163	1.21483942982e+33
0.975023858977	1522	270.33715163	1.21483942982e+33
0.972061998862	1523	270.33715163	1.21483942982e+33
0.969100202564	1524	270.33715163	1.21483942982e+33
0.966138470367	1525	270.33715163	1.21483942982e+33
0.963176802558	1526	270.33715163	1.21483942982e+33
0.960215199424	1527	270.33715163	1.21483942982e+33
0.957253661257	1528	270.33715163	1.21483942982e+33
0.954292188348	1529	270.33715163	1.21483942982e+33
0.951330780991	1530	270.33715163	1.21483942982e+33
0.948369439482	1531	270.33715163	1.21483942982e+33
0.945408164119	1532	270.33715163	1.21483942982e+33
0.942446955201	1533	270.33715163	1.21483942982e+33
0.93948581303	1534	270.33715163	1.21483942982e+33
0.93652473791	1535	270.33715163	1.21483942982e+33
0.933563730147	1536	270.33715163	1.21483942982e+33
0.930602790047	1537	270.33715163	1.21483942982e+33
0.927641917922	1538	270.33715163	1.21483942982e+33
0.924681114083	1539	270.33715163	1.21483942982e+33
0.921720378844	1540	270.33715163	1.21483942982e+33
0.91875971252	1541	270.33715163	1.21483942982e+33
0.915799115432	1542	270.33715163	1.21483942982e+33
0.912838587897	1543	270.33715163	1.21483942982e+33
0.909878130241	1544	270.33715163	1.21483942982e+33
0.906917742786	1545	270.33715163	1.21483942982e+33
0.903957425861	1546	270.33715163	1.21483942982e+33
0.900997179793	1547	270.33715163	1.21483942982e+33
0.898037004916	1548	270.33715163	1.21483942982e+33
0.895076901563	1549	270.33715163	1.21483942982e+33
0.89211687007	1550	270.33715163	1.21483942982e+33
0.889156910775	1551	270.33715163	1.21483942982e+33
0.88619702402	1552	270.33715163	1.21483942982e+33
0.883237210147	1553	270.33715163	1.21483942982e+33
0.880277469503	1554	270.33715163	1.21483942982e+33
0.877317802435	1555	270.33715163	1.21483942982e+33
0.874358209295	1556	270.33715163	1.21483942982e+33
0.871398690434	1557	270.33715163	1.21483942982e+33
0.86843924621	1558	270.33715163	1.21483942982e+33
0.865479876979	1559	270.33715163	1.21483942982e+33
0.862520583103	1560	270.33715163	1.21483942982e+33
0.859561364946	1561	270.33715163	1.21483942982e+33
0.856602222872	1562	270.33715163	1.21483942982e+33
0.853643157252	1563	270.33715163	1.21483942982e+33
0.850684168455	1564	270.33715163	1.21483942982e+33
0.847725256857	1565	270.33715163	1.21483942982e+33
0.844766422834	1566	270.33715163	1.21483942982e+33
0.841807666765	1567	270.33715163	1.21483942982e+33
0.838848989033	1568	270.33715163	1.21483942982e+33
0.835890390023	1569	270.33715163	1.21483942982e+33
0.832931870124	1570	270.33715163	1.21483942982e+33
0.829973429726	1571	270.33715163	1.21483942982e+33
0.827015069223	1572	270.33715163	1.21483942982e+33
0.824056789013	1573	270.33715163	1.21483942982e+33
0.821098589494	1574	270.33715163	1.21483942982e+33
0.818140471071	1575	270.33715163	1.21483942982e+33
0.815182434149	1576	270.33715163	1.21483942982e+33
0.812224479136	1577	270.33715163	1.21483942982e+33
0.809266606447	1578	270.33715163	1.21483942982e+33
0.806308816495	1579	270.33715163	1.21483942982e+33
0.803351109699	1580	270.33715163	1.21483942982e+33
0.800393486482	1581	270.33715163	1.21483942982e+33
0.797435947269	1582	270.33715163	1.21483942982e+33
0.794478492487	1583	270.33715163	1.21483942982e+33
0.79152112257	1584	270.33715163	1.21483942982e+33
0.788563837951	1585	270.33715163	1.21483942982e+33
0.785606639071	1586	270.33715163	1.21483942982e+33
0.782649526371	1587	270.33715163	1.21483942982e+33
0.779692500297	1588	270.33715163	1.21483942982e+33
0.776735561298	1589	270.33715163	1.21483942982e+33
0.773778709826	1590	270.33715163	1.21483942982e+33
0.77082194634	1591	270.33715163	1.21483942982e+33
0.767865271298	1592	270.33715163	1.21483942982e+33
0.764908685165	1593	270.33715163	1.21483942982e+33
0.761952188409	1594	270.33715163	1.21483942982e+33
0.758995781501	1595	270.33715163	1.21483942982e+33
0.756039464916	1596	270.33715163	1.21483942982e+33
0.753083239135	1597	270.33715163	1.21483942982e+33
0.75012710464	1598	270.33715163	1.21483942982e+33
0.747171061919	1599	270.33715163	1.21483942982e+33
0.744215111463	1600	270.33715163	1.21483942982e+33
0.741259253768	1601	270.33715163	1.21483942982e+33
0.738303489333	1602	270.33715163	1.21483942982e+33
0.735347818664	1603	270.33715163	1.21483942982e+33
0.732392242267	1604	270.33715163	1.21483942982e+33
0.729436760656	1605	270.33715163	1.21483942982e+33
0.726481374348	1606	270.33715163	1.21483942982e+33
0.723526083863	1607	270.33715163	1.21483942982e+33
0.720570889729	1608	270.33715163	1.21483942982e+33
0.717615792475	1609	270.33715163	1.21483942982e+33
0.714660792636	1610	270.33715163	1.21483942982e+33
0.711705890754	1611	270.33715163	1.21483942982e+33
0.708751087371	1612	270.33715163	1.21483942982e+33
0.705796383037	1613	270.33715163	1.21483942982e+33
0.702841778307	1614	270.33715163	1.21483942982e+33
0.69988727374	1615	270.33715163	1.21483942982e+33
0.6969328699	1616	270.33715163	1.21483942982e+33
0.693978567356	1617	270.33715163	1.21483942982e+33
0.691024366682	1618	270.33715163	1.21483942982e+33
0.688070268458	1619	270.33715163	1.21483942982e+33
0.685116273269	1620	270.33715163	1.21483942982e+33
0.682162381706	1621	270.33715163	1.21483942982e+33
0.679208594362	1622	270.33715163	1.21483942982e+33
0.676254911841	1623	270.33715163	1.21483942982e+33
0.673301334747	1624	270.33715163	1.21483942982e+33
0.670347863694	1625	270.33715163	1.21483942982e+33
0.667394499299	1626	270.33715163	1.21483942982e+33
0.664441242187	1627	270.33715163	1.21483942982e+33
0.661488092987	1628	270.33715163	1.21483942982e+33
0.658535052333	1629	270.33715163	1.21483942982e+33
0.65558212087	1630	270.33715163	1.21483942982e+33
0.652629299243	1631	270.33715163	1.21483942982e+33
0.649676588107	1632	270.33715163	1.21483942982e+33
0.646723988122	1633	270.33715163	1.21483942982e+33
0.643771499955	1634	270.33715163	1.21483942982e+33
0.640819124279	1635	270.33715163	1.21483942982e+33
0.637866861774	1636	270.33715163	1.21483942982e+33
0.634914713127	1637	270.33715163	1.21483942982e+33
0.63196267903	1638	270.33715163	1.21483942982e+33
0.629010760184	1639	270.33715163	1.21483942982e+33
0.626058957296	1640	270.33715163	1.21483942982e+33
0.62310727108	1641	270.33715163	1.21483942982e+33
0.620155702257	1642	270.33715163	1.21483942982e+33
0.617204251556	1643	270.33715163	1.21483942982e+33
0.614252919714	1644	270.33715163	1.21483942982e+33
0.611301707473	1645	270.33715163	1.21483942982e+33
0.608350615585	1646	270.33715163	1.21483942982e+33
0.605399644809	1647	270.33715163	1.21483942982e+33
0.602448795912	1648	270.33715163	1.21483942982e+33
0.599498069669	1649	270.33715163	1.21483942982e+33
0.596547466863	1650	270.33715163	1.21483942982e+33
0.593596988284	1651	270.33715163	1.21483942982e+33
0.590646634733	1652	270.33715163	1.21483942982e+33
0.587696407017	1653	270.33715163	1.21483942982e+33
0.584746305953	1654	270.33715163	1.21483942982e+33
0.581796332368	1655	270.33715163	1.21483942982e+33
0.578846487094	1656	270.33715163	1.21483942982e+33
0.575896770976	1657	270.33715163	1.21483942982e+33
0.572947184866	1658	270.33715163	1.21483942982e+33
0.569997729627	1659	270.33715163	1.21483942982e+33
0.56704840613	1660	270.33715163	1.21483942982e+33
0.564099215256	1661	270.33715163	1.21483942982e+33
0.561150157897	1662	270.33715163	1.21483942982e+33
0.558201234952	1663	270.33715163	1.21483942982e+33
0.555252447335	1664	270.33715163	1.21483942982e+33
0.552303795965	1665	270.33715163	1.21483942982e+33
0.549355281776	1666	270.33715163	1.21483942982e+33
0.546406905709	1667	270.33715163	1.21483942982e+33
0.543458668719	1668	270.33715163	1.21483942982e+33
0.540510571771	1669	270.33715163	1.21483942982e+33
0.537562615839	1670	270.33715163	1.21483942982e+33
0.534614801912	1671	270.33715163	1.21483942982e+33
0.531667130988	1672	270.33715163	1.21483942982e+33
0.528719604079	1673	270.33715163	1.21483942982e+33
0.525772222207	1674	270.33715163	1.21483942982e+33
0.522824986407	1675	270.33715163	1.21483942982e+33
0.519877897727	1676	270.33715163	1.21483942982e+33
0.516930957227	1677	270.33715163	1.21483942982e+33
0.513984165981	1678	270.33715163	1.21483942982e+33
0.511037525076	1679	270.33715163	1.21483942982e+33
0.50809103561	1680	270.33715163	1.21483942982e+33
0.505144698698	1681	270.33715163	1.21483942982e+33
0.502198515467	1682	270.33715163	1.21483942982e+33
0.499252487059	1683	270.33715163	1.21483942982e+33
0.496306614631	1684	270.33715163	1.21483942982e+33
0.493360899352	1685	270.33715163	1.21483942982e+33
0.490415342409	1686	270.33715163	1.21483942982e+33
0.487469945002	1687	270.33715163	1.21483942982e+33
0.48452470835	1688	270.33715163	1.21483942982e+33
0.481579633684	1689	270.33715163	1.21483942982e+33
0.478634722253	1690	270.33715163	1.21483942982e+33
0.475689975322	1691	270.33715163	1.21483942982e+33
0.472745394174	1692	270.33715163	1.21483942982e+33
0.469800980109	1693	270.33715163	1.21483942982e+33
0.466856734442	1694	270.33715163	1.21483942982e+33
0.463912658509	1695	270.33715163	1.21483942982e+33
0.460968753662	1696	270.33715163	1.21483942982e+33
0.458025021274	1697	270.33715163	1.21483942982e+33
0.455081462734	1698	270.33715163	1.21483942982e+33
0.452138079453	1699	270.33715163	1.21483942982e+33
0.449194872861	1700	270.33715163	1.21483942982e+33
0.446251844407	1701	270.33715163	1.21483942982e+33
0.443308995562	1702	270.33715163	1.21483942982e+33
0.440366327817	1703	270.33715163	1.21483942982e+33
0.437423842686	1704	270.33715163	1.21483942982e+33
0.434481541704	1705	270.33715163	1.21483942982e+33
0.431539426428	1706	270.33715163	1.21483942982e+33
0.428597498438	1707	270.33715163	1.21483942982e+33
0.42565575934	1708	270.33715163	1.21483942982e+33
0.422714210759	1709	270.33715163	1.21483942982e+33
0.41977285435	1710	270.33715163	1.21483942982e+33
0.416831691789	1711	270.33715163	1.21483942982e+33
0.41389072478	1712	270.33715163	1.21483942982e+33
0.410949955051	1713	270.33715163	1.21483942982e+33
0.408009384358	1714	270.33715163	1.21483942982e+33
0.405069014486	1715	270.33715163	1.21483942982e+33
0.402128847246	1716	270.33715163	1.21483942982e+33
0.399188884477	1717	270.33715163	1.21483942982e+33
0.39624912805	1718	270.33715163	1.21483942982e+33
0.393309579864	1719	270.33715163	1.21483942982e+33
0.39037024185	1720	270.33715163	1.21483942982e+33
0.38743111597	1721	270.33715163	1.21483942982e+33
0.384492204219	1722	270.33715163	1.21483942982e+33
0.381553508624	1723	270.33715163	1.21483942982e+33
0.378615031246	1724	270.33715163	1.21483942982e+33
0.375676774183	1725	270.33715163	1.21483942982e+33
0.372738739566	1726	270.33715163	1.21483942982e+33
0.369800929564	1727	270.33715163	1.21483942982e+33
0.366863346383	1728	270.33715163	1.21483942982e+33
0.363925992268	1729	270.33715163	1.21483942982e+33
0.360988869503	1730	270.33715163	1.21483942982e+33
0.358051980413	1731	270.33715163	1.21483942982e+33
0.355115327365	1732	270.33715163	1.21483942982e+33
0.352178912767	1733	270.33715163	1.21483942982e+33
0.349242739072	1734	270.33715163	1.21483942982e+33
0.34630680878	1735	270.33715163	1.21483942982e+33
0.343371124433	1736	270.33715163	1.21483942982e+33
0.340435688625	1737	270.33715163	1.21483942982e+33
0.337500503995	1738	270.33715163	1.21483942982e+33
0.334565573236	1739	270.33715163	1.21483942982e+33
0.331630899091	1740	270.33715163	1.21483942982e+33
0.328696484355	1741	270.33715163	1.21483942982e+33
0.32576233188	1742	270.33715163	1.21483942982e+33
0.322828444573	1743	270.33715163	1.21483942982e+33
0.3198948254	1744	270.33715163	1.21483942982e+33
0.316961477385	1745	270.33715163	1.21483942982e+33
0.314028403616	1746	270.33715163	1.21483942982e+33
0.311095607242	1747	270.33715163	1.21483942982e+33
0.30816309148	1748	270.33715163	1.21483942982e+33
0.305230859612	1749	270.33715163	1.21483942982e+33
0.302298914991	1750	270.33715163	1.21483942982e+33
0.299367261041	1751	270.33715163	1.21483942982e+33
0.296435901261	1752	270.33715163	1.21483942982e+33
0.293504839224	1753	270.33715163	1.21483942982e+33
0.290574078585	1754	270.33715163	1.21483942982e+33
0.287643623078	1755	270.33715163	1.21483942982e+33
0.284713476523	1756	270.33715163	1.21483942982e+33
0.281783642826	1757	270.33715163	1.21483942982e+33
0.278854125983	1758	270.33715163	1.21483942982e+33
0.275924930084	1759	270.33715163	1.21483942982e+33
0.272996059314	1760	270.33715163	1.21483942982e+33
0.270067517959	1761	270.33715163	1.21483942982e+33
0.267139310407	1762	270.33715163	1.21483942982e+33
0.264211441154	1763	270.33715163	1.21483942982e+33
0.261283914807	1764	270.33715163	1.21483942982e+33
0.258356736087	1765	270.33715163	1.21483942982e+33
0.255429909834	1766	270.33715163	1.21483942982e+33
0.252503441014	1767	270.33715163	1.21483942982e+33
0.249577334719	1768	270.33715163	1.21483942982e+33
0.246651596176	1769	270.33715163	1.21483942982e+33
0.243726230749	1770	270.33715163	1.21483942982e+33
0.240801243947	1771	270.33715163	1.21483942982e+33
0.23787664143	1772	270.33715163	1.21483942982e+33
0.234952429013	1773	270.33715163	1.21483942982e+33
0.232028612673	1774	270.33715163	1.21483942982e+33
0.229105198556	1775	270.33715163	1.21483942982e+33
0.226182192986	1776	270.33715163	1.21483942982e+33
0.223259602468	1777	270.33715163	1.21483942982e+33
0.220337433703	1778	270.33715163	1.21483942982e+33
0.217415693588	1779	270.33715163	1.21483942982e+33
0.214494389232	1780	270.33715163	1.21483942982e+33
0.211573527961	1781	270.33715163	1.21483942982e+33
0.208653117332	1782	270.33715163	1.21483942982e+33
0.205733165138	1783	270.33715163	1.21483942982e+33
0.202813679426	1784	270.33715163	1.21483942982e+33
0.199894668503	1785	270.33715163	1.21483942982e+33
0.196976140954	1786	270.33715163	1.21483942982e+33
0.194058105651	1787	270.33715163	1.21483942982e+33
0.191140571772	1788	270.33715163	1.21483942982e+33
0.188223548811	1789	270.33715163	1.21483942982e+33
0.1853070466	1790	270.33715163	1.21483942982e+33
0.182391075323	1791	270.33715163	1.21483942982e+33
0.179475645539	1792	270.33715163	1.21483942982e+33
0.176560768197	1793	270.33715163	1.21483942982e+33
0.17364645466	1794	270.33715163	1.21483942982e+33
0.170732716732	1795	270.33715163	1.21483942982e+33
0.167819566676	1796	270.33715163	1.21483942982e+33
0.164907017247	1797	270.33715163	1.21483942982e+33
0.16199508172	1798	270.33715163	1.21483942982e+33
0.159083773919	1799	270.33715163	1.21483942982e+33
0.156173108254	1800	270.33715163	1.21483942982e+33
0.153263099754	1801	270.33715163	1.21483942982e+33
0.150353764113	1802	270.33715163	1.21483942982e+33
0.147445117727	1803	270.33715163	1.21483942982e+33
0.144537177745	1804	270.33715163	1.21483942982e+33
0.141629962119	1805	270.33715163	1.21483942982e+33
0.138723489662	1806	270.33715163	1.21483942982e+33
0.135817780105	1807	270.33715163	1.21483942982e+33
0.132912854169	1808	270.33715163	1.21483942982e+33
0.130008733634	1809	270.33715163	1.21483942982e+33
0.127105441424	1810	270.33715163	1.21483942982e+33
0.124203001695	1811	270.33715163	1.21483942982e+33
0.12130143993	1812	270.33715163	1.21483942982e+33
0.118400783055	1813	270.33715163	1.21483942982e+33
0.115501059553	1814	270.33715163	1.21483942982e+33
0.112602299602	1815	270.33715163	1.21483942982e+33
0.109704535223	1816	270.33715163	1.21483942982e+33
0.106807800453	1817	270.33715163	1.21483942982e+33
0.103912131525	1818	270.33715163	1.21483942982e+33
