5.75	 0	0.49423735327	8.25528769844e+24
5.74992868622	 1	1.73434101874	3.56721269097e+26
5.7496784831	 2	6.08584414884	1.54130290378e+28
5.74880247463	 3	21.3435188178	6.64849859604e+29
5.74581211579	 4	74.301342367	2.80488782584e+31
5.73793812869	 5	239.482959285	9.39181146128e+32
5.73425309602	 6	239.482959285	9.39181146128e+32
5.73056938006	 7	239.482959285	9.39181146128e+32
5.72688698098	 8	239.482959285	9.39181146128e+32
5.72320589898	 9	239.482959285	9.39181146128e+32
5.71952613425	10	239.482959285	9.39181146128e+32
5.71584768697	11	239.482959285	9.39181146128e+32
5.71217055734	12	239.482959285	9.39181146128e+32
5.70849474554	13	239.482959285	9.39181146128e+32
5.70482025177	14	239.482959285	9.39181146128e+32
5.7011470762	15	239.482959285	9.39181146128e+32
5.69747521902	16	239.482959285	9.39181146128e+32
5.69380468042	17	239.482959285	9.39181146128e+32
5.69013546059	18	239.482959285	9.39181146128e+32
5.68646755971	19	239.482959285	9.39181146128e+32
5.68280097795	20	239.482959285	9.39181146128e+32
5.67913571552	21	239.482959285	9.39181146128e+32
5.67547177259	22	239.482959285	9.39181146128e+32
5.67180914933	23	239.482959285	9.39181146128e+32
5.66814784594	24	239.482959285	9.39181146128e+32
5.6644878626	25	239.482959285	9.39181146128e+32
5.66082919948	26	239.482959285	9.39181146128e+32
5.65717185677	27	239.482959285	9.39181146128e+32
5.65351583465	28	239.482959285	9.39181146128e+32
5.64986113329	29	239.482959285	9.39181146128e+32
5.64620775288	30	239.482959285	9.39181146128e+32
5.64255569359	31	239.482959285	9.39181146128e+32
5.6389049556	32	239.482959285	9.39181146128e+32
5.63525553909	33	239.482959285	9.39181146128e+32
5.63160744423	34	239.482959285	9.39181146128e+32
5.62796067121	35	239.482959285	9.39181146128e+32
5.62431522019	36	239.482959285	9.39181146128e+32
5.62067109135	37	239.482959285	9.39181146128e+32
5.61702828487	38	239.482959285	9.39181146128e+32
5.61338680092	39	239.482959285	9.39181146128e+32
5.60974663967	40	239.482959285	9.39181146128e+32
5.6061078013	41	239.482959285	9.39181146128e+32
5.60247028597	42	239.482959285	9.39181146128e+32
5.59883409387	43	239.482959285	9.39181146128e+32
5.59519922516	44	239.482959285	9.39181146128e+32
5.59156568001	45	239.482959285	9.39181146128e+32
5.58793345859	46	239.482959285	9.39181146128e+32
5.58430256108	47	239.482959285	9.39181146128e+32
5.58067298764	48	239.482959285	9.39181146128e+32
5.57704473844	49	239.482959285	9.39181146128e+32
5.57341781365	50	239.482959285	9.39181146128e+32
5.56979221343	51	239.482959285	9.39181146128e+32
5.56616793796	52	239.482959285	9.39181146128e+32
5.5625449874	53	239.482959285	9.39181146128e+32
5.55892336191	54	239.482959285	9.39181146128e+32
5.55530306167	55	239.482959285	9.39181146128e+32
5.55168408684	56	239.482959285	9.39181146128e+32
5.54806643757	57	239.482959285	9.39181146128e+32
5.54445011404	58	239.482959285	9.39181146128e+32
5.54083511641	59	239.482959285	9.39181146128e+32
5.53722144484	60	239.482959285	9.39181146128e+32
5.53360909949	61	239.482959285	9.39181146128e+32
5.52999808053	62	239.482959285	9.39181146128e+32
5.52638838812	63	239.482959285	9.39181146128e+32
5.52278002241	64	239.482959285	9.39181146128e+32
5.51917298357	65	239.482959285	9.39181146128e+32
5.51556727176	66	239.482959285	9.39181146128e+32
5.51196288714	67	239.482959285	9.39181146128e+32
5.50835982986	68	239.482959285	9.39181146128e+32
5.50475810008	69	239.482959285	9.39181146128e+32
5.50115769797	70	239.482959285	9.39181146128e+32
5.49755862368	71	239.482959285	9.39181146128e+32
5.49396087736	72	239.482959285	9.39181146128e+32
5.49036445917	73	239.482959285	9.39181146128e+32
5.48676936926	74	239.482959285	9.39181146128e+32
5.4831756078	75	239.482959285	9.39181146128e+32
5.47958317494	76	239.482959285	9.39181146128e+32
5.47599207082	77	239.482959285	9.39181146128e+32
5.47240229561	78	239.482959285	9.39181146128e+32
5.46881384946	79	239.482959285	9.39181146128e+32
5.46522673251	80	239.482959285	9.39181146128e+32
5.46164094492	81	239.482959285	9.39181146128e+32
5.45805648685	82	239.482959285	9.39181146128e+32
5.45447335843	83	239.482959285	9.39181146128e+32
5.45089155983	84	239.482959285	9.39181146128e+32
5.4473110912	85	239.482959285	9.39181146128e+32
5.44373195267	86	239.482959285	9.39181146128e+32
5.44015253018	87	239.482959285	9.39181146128e+32
5.43657233777	88	239.482959285	9.39181146128e+32
5.43299137434	89	239.482959285	9.39181146128e+32
5.42940963882	90	239.482959285	9.39181146128e+32
5.42582713013	91	239.482959285	9.39181146128e+32
5.42224384717	92	239.482959285	9.39181146128e+32
5.41865978887	93	239.482959285	9.39181146128e+32
5.41507495412	94	239.482959285	9.39181146128e+32
5.41148934183	95	239.482959285	9.39181146128e+32
5.4079029509	96	239.482959285	9.39181146128e+32
5.40431578025	97	239.482959285	9.39181146128e+32
5.40072782876	98	239.482959285	9.39181146128e+32
5.39713909534	99	239.482959285	9.39181146128e+32
5.39354957887	100	239.482959285	9.39181146128e+32
5.38995927826	101	239.482959285	9.39181146128e+32
5.38636819238	102	239.482959285	9.39181146128e+32
5.38277632014	103	239.482959285	9.39181146128e+32
5.3791836604	104	239.482959285	9.39181146128e+32
5.37559021207	105	239.482959285	9.39181146128e+32
5.37199597401	106	239.482959285	9.39181146128e+32
5.3684009451	107	239.482959285	9.39181146128e+32
5.36480512423	108	239.482959285	9.39181146128e+32
5.36120851026	109	239.482959285	9.39181146128e+32
5.35761110206	110	239.482959285	9.39181146128e+32
5.35401289851	111	239.482959285	9.39181146128e+32
5.35041389846	112	239.482959285	9.39181146128e+32
5.34681410079	113	239.482959285	9.39181146128e+32
5.34321350436	114	239.482959285	9.39181146128e+32
5.33961210801	115	239.482959285	9.39181146128e+32
5.33600991062	116	239.482959285	9.39181146128e+32
5.33240691103	117	239.482959285	9.39181146128e+32
5.32880310809	118	239.482959285	9.39181146128e+32
5.32519850066	119	239.482959285	9.39181146128e+32
5.32159308758	120	239.482959285	9.39181146128e+32
5.31798686769	121	239.482959285	9.39181146128e+32
5.31437983984	122	239.482959285	9.39181146128e+32
5.31077200286	123	239.482959285	9.39181146128e+32
5.30716335559	124	239.482959285	9.39181146128e+32
5.30355389687	125	239.482959285	9.39181146128e+32
5.29994362553	126	239.482959285	9.39181146128e+32
5.29633254039	127	239.482959285	9.39181146128e+32
5.29272064029	128	239.482959285	9.39181146128e+32
5.28910792404	129	239.482959285	9.39181146128e+32
5.28549439047	130	239.482959285	9.39181146128e+32
5.2818800384	131	239.482959285	9.39181146128e+32
5.27826486664	132	239.482959285	9.39181146128e+32
5.274648874	133	239.482959285	9.39181146128e+32
5.27103205931	134	239.482959285	9.39181146128e+32
5.26741442136	135	239.482959285	9.39181146128e+32
5.26379595896	136	239.482959285	9.39181146128e+32
5.26017667092	137	239.482959285	9.39181146128e+32
5.25655655604	138	239.482959285	9.39181146128e+32
5.2529356131	139	239.482959285	9.39181146128e+32
5.24931384092	140	239.482959285	9.39181146128e+32
5.24569123828	141	239.482959285	9.39181146128e+32
5.24206780398	142	239.482959285	9.39181146128e+32
5.23844353679	143	239.482959285	9.39181146128e+32
5.23481843551	144	239.482959285	9.39181146128e+32
5.23119249892	145	239.482959285	9.39181146128e+32
5.22756572579	146	239.482959285	9.39181146128e+32
5.22393811491	147	239.482959285	9.39181146128e+32
5.22030966505	148	239.482959285	9.39181146128e+32
5.21668037497	149	239.482959285	9.39181146128e+32
5.21305024345	150	239.482959285	9.39181146128e+32
5.20941926926	151	239.482959285	9.39181146128e+32
5.20578745115	152	239.482959285	9.39181146128e+32
5.2021547879	153	239.482959285	9.39181146128e+32
5.19852127824	154	239.482959285	9.39181146128e+32
5.19488692095	155	239.482959285	9.39181146128e+32
5.19125171477	156	239.482959285	9.39181146128e+32
5.18761565845	157	239.482959285	9.39181146128e+32
5.18397875074	158	239.482959285	9.39181146128e+32
5.18034099039	159	239.482959285	9.39181146128e+32
5.17670237613	160	239.482959285	9.39181146128e+32
5.1730629067	161	239.482959285	9.39181146128e+32
5.16942258083	162	239.482959285	9.39181146128e+32
5.16578139727	163	239.482959285	9.39181146128e+32
5.16213935474	164	239.482959285	9.39181146128e+32
5.15849645197	165	239.482959285	9.39181146128e+32
5.15485268767	166	239.482959285	9.39181146128e+32
5.15120806058	167	239.482959285	9.39181146128e+32
5.14756256941	168	239.482959285	9.39181146128e+32
5.14391621288	169	239.482959285	9.39181146128e+32
5.1402689897	170	239.482959285	9.39181146128e+32
5.13662089857	171	239.482959285	9.39181146128e+32
5.13297193821	172	239.482959285	9.39181146128e+32
5.12932210732	173	239.482959285	9.39181146128e+32
5.1256714046	174	239.482959285	9.39181146128e+32
5.12201982875	175	239.482959285	9.39181146128e+32
5.11836737846	176	239.482959285	9.39181146128e+32
5.11482449188	177	239.482959285	9.39181146128e+32
5.11122198652	178	239.482959285	9.39181146128e+32
5.10765219831	179	239.482959285	9.39181146128e+32
5.10406448577	180	239.482959285	9.39181146128e+32
5.1004865543	181	239.482959285	9.39181146128e+32
5.09690322336	182	239.482959285	9.39181146128e+32
5.09332280524	183	239.482959285	9.39181146128e+32
5.08974074604	184	239.482959285	9.39181146128e+32
5.08615954035	185	239.482959285	9.39181146128e+32
5.08257782135	186	239.482959285	9.39181146128e+32
5.07899633801	187	239.482959285	9.39181146128e+32
5.0754146799	188	239.482959285	9.39181146128e+32
5.07183307198	189	239.482959285	9.39181146128e+32
5.06825139096	190	239.482959285	9.39181146128e+32
5.06466970446	191	239.482959285	9.39181146128e+32
5.06108797543	192	239.482959285	9.39181146128e+32
5.0575062242	193	239.482959285	9.39181146128e+32
5.05392443964	194	239.482959285	9.39181146128e+32
5.05034262788	195	239.482959285	9.39181146128e+32
5.04676078559	196	239.482959285	9.39181146128e+32
5.04317891461	197	239.482959285	9.39181146128e+32
5.03959701395	198	239.482959285	9.39181146128e+32
5.03601508418	199	239.482959285	9.39181146128e+32
5.03243312501	200	239.482959285	9.39181146128e+32
5.02885113662	201	239.482959285	9.39181146128e+32
5.02526911894	202	239.482959285	9.39181146128e+32
5.02168707202	203	239.482959285	9.39181146128e+32
5.01810499587	204	239.482959285	9.39181146128e+32
5.01452289049	205	239.482959285	9.39181146128e+32
5.01094075591	206	239.482959285	9.39181146128e+32
5.00735859214	207	239.482959285	9.39181146128e+32
5.0037763992	208	239.482959285	9.39181146128e+32
5.00019417709	209	239.482959285	9.39181146128e+32
4.99661192584	210	239.482959285	9.39181146128e+32
4.99302964546	211	239.482959285	9.39181146128e+32
4.98944733596	212	239.482959285	9.39181146128e+32
4.98586499736	213	239.482959285	9.39181146128e+32
4.98228262968	214	239.482959285	9.39181146128e+32
4.97870023292	215	239.482959285	9.39181146128e+32
4.97511780711	216	239.482959285	9.39181146128e+32
4.97153535225	217	239.482959285	9.39181146128e+32
4.96795286837	218	239.482959285	9.39181146128e+32
4.96437035548	219	239.482959285	9.39181146128e+32
4.96078781359	220	239.482959285	9.39181146128e+32
4.95720524271	221	239.482959285	9.39181146128e+32
4.95362264288	222	239.482959285	9.39181146128e+32
4.95004001409	223	239.482959285	9.39181146128e+32
4.94645735636	224	239.482959285	9.39181146128e+32
4.94287466971	225	239.482959285	9.39181146128e+32
4.93929195416	226	239.482959285	9.39181146128e+32
4.93570920971	227	239.482959285	9.39181146128e+32
4.93212643639	228	239.482959285	9.39181146128e+32
4.92854363421	229	239.482959285	9.39181146128e+32
4.92496080319	230	239.482959285	9.39181146128e+32
4.92137794333	231	239.482959285	9.39181146128e+32
4.91779505466	232	239.482959285	9.39181146128e+32
4.91421213719	233	239.482959285	9.39181146128e+32
4.91062919094	234	239.482959285	9.39181146128e+32
4.90704621592	235	239.482959285	9.39181146128e+32
4.90346321214	236	239.482959285	9.39181146128e+32
4.89988017963	237	239.482959285	9.39181146128e+32
4.8962971184	238	239.482959285	9.39181146128e+32
4.89271402845	239	239.482959285	9.39181146128e+32
4.88913090982	240	239.482959285	9.39181146128e+32
4.88554776252	241	239.482959285	9.39181146128e+32
4.88196458655	242	239.482959285	9.39181146128e+32
4.87838138194	243	239.482959285	9.39181146128e+32
4.8747981487	244	239.482959285	9.39181146128e+32
4.87121488685	245	239.482959285	9.39181146128e+32
4.8676315964	246	239.482959285	9.39181146128e+32
4.86404827736	247	239.482959285	9.39181146128e+32
4.86046492977	248	239.482959285	9.39181146128e+32
4.85688155362	249	239.482959285	9.39181146128e+32
4.85329814894	250	239.482959285	9.39181146128e+32
4.84971471573	251	239.482959285	9.39181146128e+32
4.84613125403	252	239.482959285	9.39181146128e+32
4.84254776384	253	239.482959285	9.39181146128e+32
4.83896424518	254	239.482959285	9.39181146128e+32
4.83538069806	255	239.482959285	9.39181146128e+32
4.83179712251	256	239.482959285	9.39181146128e+32
4.82821351853	257	239.482959285	9.39181146128e+32
4.82462988615	258	239.482959285	9.39181146128e+32
4.82104622537	259	239.482959285	9.39181146128e+32
4.81746253622	260	239.482959285	9.39181146128e+32
4.81387881871	261	239.482959285	9.39181146128e+32
4.81029507285	262	239.482959285	9.39181146128e+32
4.80671129867	263	239.482959285	9.39181146128e+32
4.80312749618	264	239.482959285	9.39181146128e+32
4.7995436654	265	239.482959285	9.39181146128e+32
4.79595980634	266	239.482959285	9.39181146128e+32
4.79237591901	267	239.482959285	9.39181146128e+32
4.78879200344	268	239.482959285	9.39181146128e+32
4.78520805964	269	239.482959285	9.39181146128e+32
4.78162408763	270	239.482959285	9.39181146128e+32
4.77804008742	271	239.482959285	9.39181146128e+32
4.77445605903	272	239.482959285	9.39181146128e+32
4.77087200248	273	239.482959285	9.39181146128e+32
4.76728791778	274	239.482959285	9.39181146128e+32
4.76370380495	275	239.482959285	9.39181146128e+32
4.760119664	276	239.482959285	9.39181146128e+32
4.75653549496	277	239.482959285	9.39181146128e+32
4.75295129783	278	239.482959285	9.39181146128e+32
4.74936707264	279	239.482959285	9.39181146128e+32
4.74578281941	280	239.482959285	9.39181146128e+32
4.74219853814	281	239.482959285	9.39181146128e+32
4.73861422885	282	239.482959285	9.39181146128e+32
4.73502989157	283	239.482959285	9.39181146128e+32
4.73144552631	284	239.482959285	9.39181146128e+32
4.72786113308	285	239.482959285	9.39181146128e+32
4.7242767119	286	239.482959285	9.39181146128e+32
4.7206922628	287	239.482959285	9.39181146128e+32
4.71710778578	288	239.482959285	9.39181146128e+32
4.71352328086	289	239.482959285	9.39181146128e+32
4.70993874806	290	239.482959285	9.39181146128e+32
4.70635418739	291	239.482959285	9.39181146128e+32
4.70276959889	292	239.482959285	9.39181146128e+32
4.69918498255	293	239.482959285	9.39181146128e+32
4.6956003384	294	239.482959285	9.39181146128e+32
4.69201566645	295	239.482959285	9.39181146128e+32
4.68843096672	296	239.482959285	9.39181146128e+32
4.68484623924	297	239.482959285	9.39181146128e+32
4.68126148401	298	239.482959285	9.39181146128e+32
4.67767670105	299	239.482959285	9.39181146128e+32
4.67409189038	300	239.482959285	9.39181146128e+32
4.67050705202	301	239.482959285	9.39181146128e+32
4.66692218598	302	239.482959285	9.39181146128e+32
4.66333729229	303	239.482959285	9.39181146128e+32
4.65975237095	304	239.482959285	9.39181146128e+32
4.656167422	305	239.482959285	9.39181146128e+32
4.65258244543	306	239.482959285	9.39181146128e+32
4.64899744128	307	239.482959285	9.39181146128e+32
4.64541240955	308	239.482959285	9.39181146128e+32
4.64182735027	309	239.482959285	9.39181146128e+32
4.63824226346	310	239.482959285	9.39181146128e+32
4.63465714913	311	239.482959285	9.39181146128e+32
4.63107200729	312	239.482959285	9.39181146128e+32
4.62748683797	313	239.482959285	9.39181146128e+32
4.62390164119	314	239.482959285	9.39181146128e+32
4.62031641696	315	239.482959285	9.39181146128e+32
4.61673116529	316	239.482959285	9.39181146128e+32
4.61314588621	317	239.482959285	9.39181146128e+32
4.60956057974	318	239.482959285	9.39181146128e+32
4.60597524589	319	239.482959285	9.39181146128e+32
4.60238988468	320	239.482959285	9.39181146128e+32
4.59880449613	321	239.482959285	9.39181146128e+32
4.59521908026	322	239.482959285	9.39181146128e+32
4.59163363708	323	239.482959285	9.39181146128e+32
4.58804816661	324	239.482959285	9.39181146128e+32
4.58446266887	325	239.482959285	9.39181146128e+32
4.58087714388	326	239.482959285	9.39181146128e+32
4.57729159165	327	239.482959285	9.39181146128e+32
4.57370601221	328	239.482959285	9.39181146128e+32
4.57012040557	329	239.482959285	9.39181146128e+32
4.56653477175	330	239.482959285	9.39181146128e+32
4.56294911076	331	239.482959285	9.39181146128e+32
4.55936342264	332	239.482959285	9.39181146128e+32
4.55577770738	333	239.482959285	9.39181146128e+32
4.55219196503	334	239.482959285	9.39181146128e+32
4.54860619558	335	239.482959285	9.39181146128e+32
4.54502039906	336	239.482959285	9.39181146128e+32
4.54143457549	337	239.482959285	9.39181146128e+32
4.53784872488	338	239.482959285	9.39181146128e+32
4.53426284726	339	239.482959285	9.39181146128e+32
4.53067694265	340	239.482959285	9.39181146128e+32
4.52709101105	341	239.482959285	9.39181146128e+32
4.5235050525	342	239.482959285	9.39181146128e+32
4.519919067	343	239.482959285	9.39181146128e+32
4.51633305458	344	239.482959285	9.39181146128e+32
4.51274701525	345	239.482959285	9.39181146128e+32
4.50916094904	346	239.482959285	9.39181146128e+32
4.50557485597	347	239.482959285	9.39181146128e+32
4.50198873604	348	239.482959285	9.39181146128e+32
4.49840258928	349	239.482959285	9.39181146128e+32
4.49481641572	350	239.482959285	9.39181146128e+32
4.49123021536	351	239.482959285	9.39181146128e+32
4.48764398823	352	239.482959285	9.39181146128e+32
4.48405773434	353	239.482959285	9.39181146128e+32
4.48047145372	354	239.482959285	9.39181146128e+32
4.47688514638	355	239.482959285	9.39181146128e+32
4.47329881235	356	239.482959285	9.39181146128e+32
4.46971245163	357	239.482959285	9.39181146128e+32
4.46612606426	358	239.482959285	9.39181146128e+32
4.46253965024	359	239.482959285	9.39181146128e+32
4.45895320961	360	239.482959285	9.39181146128e+32
4.45536674237	361	239.482959285	9.39181146128e+32
4.45178024855	362	239.482959285	9.39181146128e+32
4.44819372817	363	239.482959285	9.39181146128e+32
4.44460718124	364	239.482959285	9.39181146128e+32
4.44102060779	365	239.482959285	9.39181146128e+32
4.43743400783	366	239.482959285	9.39181146128e+32
4.43384738138	367	239.482959285	9.39181146128e+32
4.43026072847	368	239.482959285	9.39181146128e+32
4.42667404911	369	239.482959285	9.39181146128e+32
4.42308734332	370	239.482959285	9.39181146128e+32
4.41950061112	371	239.482959285	9.39181146128e+32
4.41591385253	372	239.482959285	9.39181146128e+32
4.41232706758	373	239.482959285	9.39181146128e+32
4.40874025627	374	239.482959285	9.39181146128e+32
4.40515341863	375	239.482959285	9.39181146128e+32
4.40156655468	376	239.482959285	9.39181146128e+32
4.39797966444	377	239.482959285	9.39181146128e+32
4.39439274793	378	239.482959285	9.39181146128e+32
4.39080580517	379	239.482959285	9.39181146128e+32
4.38721883618	380	239.482959285	9.39181146128e+32
4.38363184097	381	239.482959285	9.39181146128e+32
4.38004481957	382	239.482959285	9.39181146128e+32
4.37645777201	383	239.482959285	9.39181146128e+32
4.37287069828	384	239.482959285	9.39181146128e+32
4.36928359843	385	239.482959285	9.39181146128e+32
4.36569647246	386	239.482959285	9.39181146128e+32
4.36210932041	387	239.482959285	9.39181146128e+32
4.35852214228	388	239.482959285	9.39181146128e+32
4.3549349381	389	239.482959285	9.39181146128e+32
4.35134770788	390	239.482959285	9.39181146128e+32
4.34776045166	391	239.482959285	9.39181146128e+32
4.34417316944	392	239.482959285	9.39181146128e+32
4.34058586126	393	239.482959285	9.39181146128e+32
4.33699852712	394	239.482959285	9.39181146128e+32
4.33341116706	395	239.482959285	9.39181146128e+32
4.32982378108	396	239.482959285	9.39181146128e+32
4.32623636922	397	239.482959285	9.39181146128e+32
4.32264893148	398	239.482959285	9.39181146128e+32
4.3190614679	399	239.482959285	9.39181146128e+32
4.31547397849	400	239.482959285	9.39181146128e+32
4.31188646327	401	239.482959285	9.39181146128e+32
4.30829892227	402	239.482959285	9.39181146128e+32
4.3047113555	403	239.482959285	9.39181146128e+32
4.30112376299	404	239.482959285	9.39181146128e+32
4.29753614475	405	239.482959285	9.39181146128e+32
4.29394850081	406	239.482959285	9.39181146128e+32
4.29036083119	407	239.482959285	9.39181146128e+32
4.2867731359	408	239.482959285	9.39181146128e+32
4.28318541497	409	239.482959285	9.39181146128e+32
4.27959766843	410	239.482959285	9.39181146128e+32
4.27600989628	411	239.482959285	9.39181146128e+32
4.27242209856	412	239.482959285	9.39181146128e+32
4.26883427528	413	239.482959285	9.39181146128e+32
4.26524642646	414	239.482959285	9.39181146128e+32
4.26165855213	415	239.482959285	9.39181146128e+32
4.25807065231	416	239.482959285	9.39181146128e+32
4.25448272701	417	239.482959285	9.39181146128e+32
4.25089477626	418	239.482959285	9.39181146128e+32
4.24730680009	419	239.482959285	9.39181146128e+32
4.2437187985	420	239.482959285	9.39181146128e+32
4.24013077153	421	239.482959285	9.39181146128e+32
4.2365427192	422	239.482959285	9.39181146128e+32
4.23295464151	423	239.482959285	9.39181146128e+32
4.22936653851	424	239.482959285	9.39181146128e+32
4.22577841021	425	239.482959285	9.39181146128e+32
4.22219025662	426	239.482959285	9.39181146128e+32
4.21860207778	427	239.482959285	9.39181146128e+32
4.2150138737	428	239.482959285	9.39181146128e+32
4.21142564441	429	239.482959285	9.39181146128e+32
4.20783738993	430	239.482959285	9.39181146128e+32
4.20424911027	431	239.482959285	9.39181146128e+32
4.20066080547	432	239.482959285	9.39181146128e+32
4.19707247553	433	239.482959285	9.39181146128e+32
4.1934841205	434	239.482959285	9.39181146128e+32
4.18989574038	435	239.482959285	9.39181146128e+32
4.1863073352	436	239.482959285	9.39181146128e+32
4.18271890498	437	239.482959285	9.39181146128e+32
4.17913044974	438	239.482959285	9.39181146128e+32
4.17554196951	439	239.482959285	9.39181146128e+32
4.1719534643	440	239.482959285	9.39181146128e+32
4.16836493415	441	239.482959285	9.39181146128e+32
4.16477637906	442	239.482959285	9.39181146128e+32
4.16118779907	443	239.482959285	9.39181146128e+32
4.1575991942	444	239.482959285	9.39181146128e+32
4.15401056446	445	239.482959285	9.39181146128e+32
4.15042190989	446	239.482959285	9.39181146128e+32
4.1468332305	447	239.482959285	9.39181146128e+32
4.14324452631	448	239.482959285	9.39181146128e+32
4.13965579735	449	239.482959285	9.39181146128e+32
4.13606704365	450	239.482959285	9.39181146128e+32
4.13247826522	451	239.482959285	9.39181146128e+32
4.12888946208	452	239.482959285	9.39181146128e+32
4.12530063427	453	239.482959285	9.39181146128e+32
4.12171178179	454	239.482959285	9.39181146128e+32
4.11812290469	455	239.482959285	9.39181146128e+32
4.11453400296	456	239.482959285	9.39181146128e+32
4.11094507665	457	239.482959285	9.39181146128e+32
4.10735612578	458	239.482959285	9.39181146128e+32
4.10376715036	459	239.482959285	9.39181146128e+32
4.10017815042	460	239.482959285	9.39181146128e+32
4.09658912598	461	239.482959285	9.39181146128e+32
4.09300007707	462	239.482959285	9.39181146128e+32
4.0894110037	463	239.482959285	9.39181146128e+32
4.08582190591	464	239.482959285	9.39181146128e+32
4.08223278372	465	239.482959285	9.39181146128e+32
4.07864363714	466	239.482959285	9.39181146128e+32
4.0750544662	467	239.482959285	9.39181146128e+32
4.07146527093	468	239.482959285	9.39181146128e+32
4.06787605135	469	239.482959285	9.39181146128e+32
4.06428680749	470	239.482959285	9.39181146128e+32
4.06069753935	471	239.482959285	9.39181146128e+32
4.05710824698	472	239.482959285	9.39181146128e+32
4.05351893039	473	239.482959285	9.39181146128e+32
4.04992958961	474	239.482959285	9.39181146128e+32
4.04634022466	475	239.482959285	9.39181146128e+32
4.04275083556	476	239.482959285	9.39181146128e+32
4.03916142234	477	239.482959285	9.39181146128e+32
4.03557198502	478	239.482959285	9.39181146128e+32
4.03198252363	479	239.482959285	9.39181146128e+32
4.02839303819	480	239.482959285	9.39181146128e+32
4.02480352872	481	239.482959285	9.39181146128e+32
4.02121399525	482	239.482959285	9.39181146128e+32
4.0176244378	483	239.482959285	9.39181146128e+32
4.0140348564	484	239.482959285	9.39181146128e+32
4.01044525107	485	239.482959285	9.39181146128e+32
4.00685562183	486	239.482959285	9.39181146128e+32
4.00326596871	487	239.482959285	9.39181146128e+32
3.99967629174	488	239.482959285	9.39181146128e+32
3.99608659093	489	239.482959285	9.39181146128e+32
3.99249686631	490	239.482959285	9.39181146128e+32
3.98890711792	491	239.482959285	9.39181146128e+32
3.98531734576	492	239.482959285	9.39181146128e+32
3.98172754987	493	239.482959285	9.39181146128e+32
3.97813773026	494	239.482959285	9.39181146128e+32
3.97454788698	495	239.482959285	9.39181146128e+32
3.97095802003	496	239.482959285	9.39181146128e+32
3.96736812945	497	239.482959285	9.39181146128e+32
3.96377821525	498	239.482959285	9.39181146128e+32
3.96018827747	499	239.482959285	9.39181146128e+32
3.95659831613	500	239.482959285	9.39181146128e+32
3.95300833126	501	239.482959285	9.39181146128e+32
3.94941832287	502	239.482959285	9.39181146128e+32
3.945828291	503	239.482959285	9.39181146128e+32
3.94223823566	504	239.482959285	9.39181146128e+32
3.93864815689	505	239.482959285	9.39181146128e+32
3.93505805471	506	239.482959285	9.39181146128e+32
3.93146792915	507	239.482959285	9.39181146128e+32
3.92787778022	508	239.482959285	9.39181146128e+32
3.92428760796	509	239.482959285	9.39181146128e+32
3.9206974124	510	239.482959285	9.39181146128e+32
3.91710719354	511	239.482959285	9.39181146128e+32
3.91351695143	512	239.482959285	9.39181146128e+32
3.90992668609	513	239.482959285	9.39181146128e+32
3.90633639754	514	239.482959285	9.39181146128e+32
3.90274608581	515	239.482959285	9.39181146128e+32
3.89915575093	516	239.482959285	9.39181146128e+32
3.89556539292	517	239.482959285	9.39181146128e+32
3.8919750118	518	239.482959285	9.39181146128e+32
3.8883846076	519	239.482959285	9.39181146128e+32
3.88479418036	520	239.482959285	9.39181146128e+32
3.88120373008	521	239.482959285	9.39181146128e+32
3.87761325681	522	239.482959285	9.39181146128e+32
3.87402276056	523	239.482959285	9.39181146128e+32
3.87043224137	524	239.482959285	9.39181146128e+32
3.86684169926	525	239.482959285	9.39181146128e+32
3.86325113425	526	239.482959285	9.39181146128e+32
3.85966054637	527	239.482959285	9.39181146128e+32
3.85606993565	528	239.482959285	9.39181146128e+32
3.85247930211	529	239.482959285	9.39181146128e+32
3.84888864579	530	239.482959285	9.39181146128e+32
3.8452979667	531	239.482959285	9.39181146128e+32
3.84170726487	532	239.482959285	9.39181146128e+32
3.83811654034	533	239.482959285	9.39181146128e+32
3.83452579312	534	239.482959285	9.39181146128e+32
3.83093502325	535	239.482959285	9.39181146128e+32
3.82734423075	536	239.482959285	9.39181146128e+32
3.82375341564	537	239.482959285	9.39181146128e+32
3.82016257796	538	239.482959285	9.39181146128e+32
3.81657171773	539	239.482959285	9.39181146128e+32
3.81298083498	540	239.482959285	9.39181146128e+32
3.80938992974	541	239.482959285	9.39181146128e+32
3.80579900203	542	239.482959285	9.39181146128e+32
3.80220805188	543	239.482959285	9.39181146128e+32
3.79861707931	544	239.482959285	9.39181146128e+32
3.79502608436	545	239.482959285	9.39181146128e+32
3.79143506706	546	239.482959285	9.39181146128e+32
3.78784402742	547	239.482959285	9.39181146128e+32
3.78425296548	548	239.482959285	9.39181146128e+32
3.78066188126	549	239.482959285	9.39181146128e+32
3.7770707748	550	239.482959285	9.39181146128e+32
3.77347964611	551	239.482959285	9.39181146128e+32
3.76988849523	552	239.482959285	9.39181146128e+32
3.76629732219	553	239.482959285	9.39181146128e+32
3.76270612701	554	239.482959285	9.39181146128e+32
3.75911490973	555	239.482959285	9.39181146128e+32
3.75552367036	556	239.482959285	9.39181146128e+32
3.75193240894	557	239.482959285	9.39181146128e+32
3.74834112549	558	239.482959285	9.39181146128e+32
3.74474982004	559	239.482959285	9.39181146128e+32
3.74115849263	560	239.482959285	9.39181146128e+32
3.73756714328	561	239.482959285	9.39181146128e+32
3.73397577201	562	239.482959285	9.39181146128e+32
3.73038437887	563	239.482959285	9.39181146128e+32
3.72679296386	564	239.482959285	9.39181146128e+32
3.72320152703	565	239.482959285	9.39181146128e+32
3.7196100684	566	239.482959285	9.39181146128e+32
3.716018588	567	239.482959285	9.39181146128e+32
3.71242708587	568	239.482959285	9.39181146128e+32
3.70883556201	569	239.482959285	9.39181146128e+32
3.70524401648	570	239.482959285	9.39181146128e+32
3.70165244929	571	239.482959285	9.39181146128e+32
3.69806086047	572	239.482959285	9.39181146128e+32
3.69446925006	573	239.482959285	9.39181146128e+32
3.69087761808	574	239.482959285	9.39181146128e+32
3.68728596456	575	239.482959285	9.39181146128e+32
3.68369428954	576	239.482959285	9.39181146128e+32
3.68010259303	577	239.482959285	9.39181146128e+32
3.67651087507	578	239.482959285	9.39181146128e+32
3.67291913569	579	239.482959285	9.39181146128e+32
3.66932737492	580	239.482959285	9.39181146128e+32
3.66573559279	581	239.482959285	9.39181146128e+32
3.66214378932	582	239.482959285	9.39181146128e+32
3.65855196455	583	239.482959285	9.39181146128e+32
3.6549601185	584	239.482959285	9.39181146128e+32
3.65136825121	585	239.482959285	9.39181146128e+32
3.64777636271	586	239.482959285	9.39181146128e+32
3.64418445302	587	239.482959285	9.39181146128e+32
3.64059252218	588	239.482959285	9.39181146128e+32
3.63700057021	589	239.482959285	9.39181146128e+32
3.63340859715	590	239.482959285	9.39181146128e+32
3.62981660303	591	239.482959285	9.39181146128e+32
3.62622458787	592	239.482959285	9.39181146128e+32
3.62263255171	593	239.482959285	9.39181146128e+32
3.61904049457	594	239.482959285	9.39181146128e+32
3.61544841649	595	239.482959285	9.39181146128e+32
3.6118563175	596	239.482959285	9.39181146128e+32
3.60826419762	597	239.482959285	9.39181146128e+32
3.6046720569	598	239.482959285	9.39181146128e+32
3.60107989535	599	239.482959285	9.39181146128e+32
3.59748771301	600	239.482959285	9.39181146128e+32
3.59389550991	601	239.482959285	9.39181146128e+32
3.59030328609	602	239.482959285	9.39181146128e+32
3.58671104156	603	239.482959285	9.39181146128e+32
3.58311877637	604	239.482959285	9.39181146128e+32
3.57952649055	605	239.482959285	9.39181146128e+32
3.57593418412	606	239.482959285	9.39181146128e+32
3.57234185711	607	239.482959285	9.39181146128e+32
3.56874950957	608	239.482959285	9.39181146128e+32
3.56515714151	609	239.482959285	9.39181146128e+32
3.56156475298	610	239.482959285	9.39181146128e+32
3.55797234399	611	239.482959285	9.39181146128e+32
3.55437991459	612	239.482959285	9.39181146128e+32
3.55078746481	613	239.482959285	9.39181146128e+32
3.54719499467	614	239.482959285	9.39181146128e+32
3.54360250421	615	239.482959285	9.39181146128e+32
3.54000999346	616	239.482959285	9.39181146128e+32
3.53641746245	617	239.482959285	9.39181146128e+32
3.53282491122	618	239.482959285	9.39181146128e+32
3.52923233979	619	239.482959285	9.39181146128e+32
3.52563974821	620	239.482959285	9.39181146128e+32
3.52204713649	621	239.482959285	9.39181146128e+32
3.51845450468	622	239.482959285	9.39181146128e+32
3.5148618528	623	239.482959285	9.39181146128e+32
3.51126918088	624	239.482959285	9.39181146128e+32
3.50767648897	625	239.482959285	9.39181146128e+32
3.50408377709	626	239.482959285	9.39181146128e+32
3.50049104528	627	239.482959285	9.39181146128e+32
3.49689829356	628	239.482959285	9.39181146128e+32
3.49330552198	629	239.482959285	9.39181146128e+32
3.48971273056	630	239.482959285	9.39181146128e+32
3.48611991933	631	239.482959285	9.39181146128e+32
3.48252708833	632	239.482959285	9.39181146128e+32
3.4789342376	633	239.482959285	9.39181146128e+32
3.47534136716	634	239.482959285	9.39181146128e+32
3.47174847705	635	239.482959285	9.39181146128e+32
3.4681555673	636	239.482959285	9.39181146128e+32
3.46456263795	637	239.482959285	9.39181146128e+32
3.46096968903	638	239.482959285	9.39181146128e+32
3.45737672056	639	239.482959285	9.39181146128e+32
3.4537837326	640	239.482959285	9.39181146128e+32
3.45019072516	641	239.482959285	9.39181146128e+32
3.44659769829	642	239.482959285	9.39181146128e+32
3.44300465201	643	239.482959285	9.39181146128e+32
3.43941158636	644	239.482959285	9.39181146128e+32
3.43581850138	645	239.482959285	9.39181146128e+32
3.4322253971	646	239.482959285	9.39181146128e+32
3.42863227355	647	239.482959285	9.39181146128e+32
3.42503913076	648	239.482959285	9.39181146128e+32
3.42144596878	649	239.482959285	9.39181146128e+32
3.41785278764	650	239.482959285	9.39181146128e+32
3.41425958736	651	239.482959285	9.39181146128e+32
3.41066636799	652	239.482959285	9.39181146128e+32
3.40707312956	653	239.482959285	9.39181146128e+32
3.4034798721	654	239.482959285	9.39181146128e+32
3.39988659565	655	239.482959285	9.39181146128e+32
3.39629330024	656	239.482959285	9.39181146128e+32
3.39269998591	657	239.482959285	9.39181146128e+32
3.3891066527	658	239.482959285	9.39181146128e+32
3.38551330063	659	239.482959285	9.39181146128e+32
3.38191992975	660	239.482959285	9.39181146128e+32
3.37832654008	661	239.482959285	9.39181146128e+32
3.37473313167	662	239.482959285	9.39181146128e+32
3.37113970455	663	239.482959285	9.39181146128e+32
3.36754625876	664	239.482959285	9.39181146128e+32
3.36395279432	665	239.482959285	9.39181146128e+32
3.36035931128	666	239.482959285	9.39181146128e+32
3.35676580967	667	239.482959285	9.39181146128e+32
3.35317228953	668	239.482959285	9.39181146128e+32
3.3495787509	669	239.482959285	9.39181146128e+32
3.3459851938	670	239.482959285	9.39181146128e+32
3.34239161828	671	239.482959285	9.39181146128e+32
3.33879802437	672	239.482959285	9.39181146128e+32
3.33520441211	673	239.482959285	9.39181146128e+32
3.33161078153	674	239.482959285	9.39181146128e+32
3.32801713267	675	239.482959285	9.39181146128e+32
3.32442346557	676	239.482959285	9.39181146128e+32
3.32082978026	677	239.482959285	9.39181146128e+32
3.31723607679	678	239.482959285	9.39181146128e+32
3.31364235518	679	239.482959285	9.39181146128e+32
3.31004861547	680	239.482959285	9.39181146128e+32
3.30645485771	681	239.482959285	9.39181146128e+32
3.30286108192	682	239.482959285	9.39181146128e+32
3.29926728815	683	239.482959285	9.39181146128e+32
3.29567347642	684	239.482959285	9.39181146128e+32
3.29207964679	685	239.482959285	9.39181146128e+32
3.28848579929	686	239.482959285	9.39181146128e+32
3.28489193395	687	239.482959285	9.39181146128e+32
3.28129805081	688	239.482959285	9.39181146128e+32
3.27770414991	689	239.482959285	9.39181146128e+32
3.27411023128	690	239.482959285	9.39181146128e+32
3.27051629498	691	239.482959285	9.39181146128e+32
3.26692234102	692	239.482959285	9.39181146128e+32
3.26332836945	693	239.482959285	9.39181146128e+32
3.25973438032	694	239.482959285	9.39181146128e+32
3.25614037365	695	239.482959285	9.39181146128e+32
3.25254634948	696	239.482959285	9.39181146128e+32
3.24895230786	697	239.482959285	9.39181146128e+32
3.24535824882	698	239.482959285	9.39181146128e+32
3.2417641724	699	239.482959285	9.39181146128e+32
3.23817007864	700	239.482959285	9.39181146128e+32
3.23457596758	701	239.482959285	9.39181146128e+32
3.23098183925	702	239.482959285	9.39181146128e+32
3.2273876937	703	239.482959285	9.39181146128e+32
3.22379353096	704	239.482959285	9.39181146128e+32
3.22019935108	705	239.482959285	9.39181146128e+32
3.21660515408	706	239.482959285	9.39181146128e+32
3.21301094002	707	239.482959285	9.39181146128e+32
3.20941670894	708	239.482959285	9.39181146128e+32
3.20582246086	709	239.482959285	9.39181146128e+32
3.20222819583	710	239.482959285	9.39181146128e+32
3.19863391389	711	239.482959285	9.39181146128e+32
3.19503961509	712	239.482959285	9.39181146128e+32
3.19144529945	713	239.482959285	9.39181146128e+32
3.18785096702	714	239.482959285	9.39181146128e+32
3.18425661784	715	239.482959285	9.39181146128e+32
3.18066225195	716	239.482959285	9.39181146128e+32
3.17706786939	717	239.482959285	9.39181146128e+32
3.1734734702	718	239.482959285	9.39181146128e+32
3.16987905442	719	239.482959285	9.39181146128e+32
3.1662846221	720	239.482959285	9.39181146128e+32
3.16269017326	721	239.482959285	9.39181146128e+32
3.15909570796	722	239.482959285	9.39181146128e+32
3.15550122623	723	239.482959285	9.39181146128e+32
3.15190672812	724	239.482959285	9.39181146128e+32
3.14831221366	725	239.482959285	9.39181146128e+32
3.14471768289	726	239.482959285	9.39181146128e+32
3.14112313587	727	239.482959285	9.39181146128e+32
3.13752857262	728	239.482959285	9.39181146128e+32
3.1339339932	729	239.482959285	9.39181146128e+32
3.13033939764	730	239.482959285	9.39181146128e+32
3.12674478598	731	239.482959285	9.39181146128e+32
3.12315015826	732	239.482959285	9.39181146128e+32
3.11955551454	733	239.482959285	9.39181146128e+32
3.11596085484	734	239.482959285	9.39181146128e+32
3.11236617922	735	239.482959285	9.39181146128e+32
3.10877148771	736	239.482959285	9.39181146128e+32
3.10517678035	737	239.482959285	9.39181146128e+32
3.1015820572	738	239.482959285	9.39181146128e+32
3.09798731828	739	239.482959285	9.39181146128e+32
3.09439256365	740	239.482959285	9.39181146128e+32
3.09079779334	741	239.482959285	9.39181146128e+32
3.08720300741	742	239.482959285	9.39181146128e+32
3.08360820588	743	239.482959285	9.39181146128e+32
3.08001338881	744	239.482959285	9.39181146128e+32
3.07641855624	745	239.482959285	9.39181146128e+32
3.07282370821	746	239.482959285	9.39181146128e+32
3.06922884477	747	239.482959285	9.39181146128e+32
3.06563396595	748	239.482959285	9.39181146128e+32
3.06203907181	749	239.482959285	9.39181146128e+32
3.05844416238	750	239.482959285	9.39181146128e+32
3.05484923771	751	239.482959285	9.39181146128e+32
3.05125429784	752	239.482959285	9.39181146128e+32
3.04765934282	753	239.482959285	9.39181146128e+32
3.04406437269	754	239.482959285	9.39181146128e+32
3.0404693875	755	239.482959285	9.39181146128e+32
3.03687438729	756	239.482959285	9.39181146128e+32
3.0332793721	757	239.482959285	9.39181146128e+32
3.02968434199	758	239.482959285	9.39181146128e+32
3.02608929698	759	239.482959285	9.39181146128e+32
3.02249423714	760	239.482959285	9.39181146128e+32
3.01889916249	761	239.482959285	9.39181146128e+32
3.0153040731	762	239.482959285	9.39181146128e+32
3.011708969	763	239.482959285	9.39181146128e+32
3.00811385024	764	239.482959285	9.39181146128e+32
3.00451871687	765	239.482959285	9.39181146128e+32
3.00092356892	766	239.482959285	9.39181146128e+32
2.99732840645	767	239.482959285	9.39181146128e+32
2.9937332295	768	239.482959285	9.39181146128e+32
2.99013803812	769	239.482959285	9.39181146128e+32
2.98654283235	770	239.482959285	9.39181146128e+32
2.98294761225	771	239.482959285	9.39181146128e+32
2.97935237784	772	239.482959285	9.39181146128e+32
2.97575712919	773	239.482959285	9.39181146128e+32
2.97216186634	774	239.482959285	9.39181146128e+32
2.96856658934	775	239.482959285	9.39181146128e+32
2.96497129822	776	239.482959285	9.39181146128e+32
2.96137599305	777	239.482959285	9.39181146128e+32
2.95778067386	778	239.482959285	9.39181146128e+32
2.9541853407	779	239.482959285	9.39181146128e+32
2.95058999362	780	239.482959285	9.39181146128e+32
2.94699463267	781	239.482959285	9.39181146128e+32
2.9433992579	782	239.482959285	9.39181146128e+32
2.93980386935	783	239.482959285	9.39181146128e+32
2.93620846706	784	239.482959285	9.39181146128e+32
2.9326130511	785	239.482959285	9.39181146128e+32
2.9290176215	786	239.482959285	9.39181146128e+32
2.92542217832	787	239.482959285	9.39181146128e+32
2.92182672159	788	239.482959285	9.39181146128e+32
2.91823125138	789	239.482959285	9.39181146128e+32
2.91463576773	790	239.482959285	9.39181146128e+32
2.91104027068	791	239.482959285	9.39181146128e+32
2.90744476029	792	239.482959285	9.39181146128e+32
2.90384923661	793	239.482959285	9.39181146128e+32
2.90025369968	794	239.482959285	9.39181146128e+32
2.89665814956	795	239.482959285	9.39181146128e+32
2.89306258628	796	239.482959285	9.39181146128e+32
2.88946700991	797	239.482959285	9.39181146128e+32
2.88587142049	798	239.482959285	9.39181146128e+32
2.88227581808	799	239.482959285	9.39181146128e+32
2.87868020271	800	239.482959285	9.39181146128e+32
2.87508457444	801	239.482959285	9.39181146128e+32
2.87148893333	802	239.482959285	9.39181146128e+32
2.86789327941	803	239.482959285	9.39181146128e+32
2.86429761275	804	239.482959285	9.39181146128e+32
2.86070193339	805	239.482959285	9.39181146128e+32
2.85710624138	806	239.482959285	9.39181146128e+32
2.85351053678	807	239.482959285	9.39181146128e+32
2.84991481963	808	239.482959285	9.39181146128e+32
2.84631908998	809	239.482959285	9.39181146128e+32
2.84272334789	810	239.482959285	9.39181146128e+32
2.83912759341	811	239.482959285	9.39181146128e+32
2.83553182659	812	239.482959285	9.39181146128e+32
2.83193604748	813	239.482959285	9.39181146128e+32
2.82834025613	814	239.482959285	9.39181146128e+32
2.8247444526	815	239.482959285	9.39181146128e+32
2.82114863693	816	239.482959285	9.39181146128e+32
2.81755280918	817	239.482959285	9.39181146128e+32
2.8139569694	818	239.482959285	9.39181146128e+32
2.81036111764	819	239.482959285	9.39181146128e+32
2.80676525396	820	239.482959285	9.39181146128e+32
2.80316937841	821	239.482959285	9.39181146128e+32
2.79957349104	822	239.482959285	9.39181146128e+32
2.79597759191	823	239.482959285	9.39181146128e+32
2.79238168106	824	239.482959285	9.39181146128e+32
2.78878575855	825	239.482959285	9.39181146128e+32
2.78518982444	826	239.482959285	9.39181146128e+32
2.78159387877	827	239.482959285	9.39181146128e+32
2.77799792161	828	239.482959285	9.39181146128e+32
2.774401953	829	239.482959285	9.39181146128e+32
2.770805973	830	239.482959285	9.39181146128e+32
2.76720998166	831	239.482959285	9.39181146128e+32
2.76361397904	832	239.482959285	9.39181146128e+32
2.7600179652	833	239.482959285	9.39181146128e+32
2.75642194018	834	239.482959285	9.39181146128e+32
2.75282590405	835	239.482959285	9.39181146128e+32
2.74922985685	836	239.482959285	9.39181146128e+32
2.74563379864	837	239.482959285	9.39181146128e+32
2.74203772948	838	239.482959285	9.39181146128e+32
2.73844164943	839	239.482959285	9.39181146128e+32
2.73484555853	840	239.482959285	9.39181146128e+32
2.73124945685	841	239.482959285	9.39181146128e+32
2.72765334443	842	239.482959285	9.39181146128e+32
2.72405722135	843	239.482959285	9.39181146128e+32
2.72046108764	844	239.482959285	9.39181146128e+32
2.71686494338	845	239.482959285	9.39181146128e+32
2.7132687886	846	239.482959285	9.39181146128e+32
2.70967262339	847	239.482959285	9.39181146128e+32
2.70607644778	848	239.482959285	9.39181146128e+32
2.70248026183	849	239.482959285	9.39181146128e+32
2.69888406561	850	239.482959285	9.39181146128e+32
2.69528785917	851	239.482959285	9.39181146128e+32
2.69169164257	852	239.482959285	9.39181146128e+32
2.68809541586	853	239.482959285	9.39181146128e+32
2.68449917911	854	239.482959285	9.39181146128e+32
2.68090293237	855	239.482959285	9.39181146128e+32
2.6773066757	856	239.482959285	9.39181146128e+32
2.67371040915	857	239.482959285	9.39181146128e+32
2.67011413279	858	239.482959285	9.39181146128e+32
2.66651784668	859	239.482959285	9.39181146128e+32
2.66292155087	860	239.482959285	9.39181146128e+32
2.65932524543	861	239.482959285	9.39181146128e+32
2.65572893041	862	239.482959285	9.39181146128e+32
2.65213260587	863	239.482959285	9.39181146128e+32
2.64853627187	864	239.482959285	9.39181146128e+32
2.64493992847	865	239.482959285	9.39181146128e+32
2.64134357573	866	239.482959285	9.39181146128e+32
2.63774721372	867	239.482959285	9.39181146128e+32
2.63415084248	868	239.482959285	9.39181146128e+32
2.63055446209	869	239.482959285	9.39181146128e+32
2.6269580726	870	239.482959285	9.39181146128e+32
2.62336167407	871	239.482959285	9.39181146128e+32
2.61976526656	872	239.482959285	9.39181146128e+32
2.61616885014	873	239.482959285	9.39181146128e+32
2.61257242487	874	239.482959285	9.39181146128e+32
2.60897599081	875	239.482959285	9.39181146128e+32
2.60537954801	876	239.482959285	9.39181146128e+32
2.60178309655	877	239.482959285	9.39181146128e+32
2.59818663648	878	239.482959285	9.39181146128e+32
2.59459016786	879	239.482959285	9.39181146128e+32
2.59099369076	880	239.482959285	9.39181146128e+32
2.58739720525	881	239.482959285	9.39181146128e+32
2.58380071138	882	239.482959285	9.39181146128e+32
2.58020420921	883	239.482959285	9.39181146128e+32
2.57660769882	884	239.482959285	9.39181146128e+32
2.57301118025	885	239.482959285	9.39181146128e+32
2.56941465359	886	239.482959285	9.39181146128e+32
2.56581811888	887	239.482959285	9.39181146128e+32
2.5622215762	888	239.482959285	9.39181146128e+32
2.55862502561	889	239.482959285	9.39181146128e+32
2.55502846716	890	239.482959285	9.39181146128e+32
2.55143190094	891	239.482959285	9.39181146128e+32
2.547835327	892	239.482959285	9.39181146128e+32
2.5442387454	893	239.482959285	9.39181146128e+32
2.54064215622	894	239.482959285	9.39181146128e+32
2.53704555952	895	239.482959285	9.39181146128e+32
2.53344895535	896	239.482959285	9.39181146128e+32
2.5298523438	897	239.482959285	9.39181146128e+32
2.52625572492	898	239.482959285	9.39181146128e+32
2.52265909878	899	239.482959285	9.39181146128e+32
2.51906246544	900	239.482959285	9.39181146128e+32
2.51546582498	901	239.482959285	9.39181146128e+32
2.51186917746	902	239.482959285	9.39181146128e+32
2.50827252295	903	239.482959285	9.39181146128e+32
2.50467586151	904	239.482959285	9.39181146128e+32
2.50107919321	905	239.482959285	9.39181146128e+32
2.49748251812	906	239.482959285	9.39181146128e+32
2.49388583631	907	239.482959285	9.39181146128e+32
2.49028914784	908	239.482959285	9.39181146128e+32
2.48669245278	909	239.482959285	9.39181146128e+32
2.4830957512	910	239.482959285	9.39181146128e+32
2.47949904318	911	239.482959285	9.39181146128e+32
2.47590232877	912	239.482959285	9.39181146128e+32
2.47230560805	913	239.482959285	9.39181146128e+32
2.46870888108	914	239.482959285	9.39181146128e+32
2.46511214794	915	239.482959285	9.39181146128e+32
2.4615154087	916	239.482959285	9.39181146128e+32
2.45791866342	917	239.482959285	9.39181146128e+32
2.45432191218	918	239.482959285	9.39181146128e+32
2.45072515504	919	239.482959285	9.39181146128e+32
2.44712839208	920	239.482959285	9.39181146128e+32
2.44353162337	921	239.482959285	9.39181146128e+32
2.43993484898	922	239.482959285	9.39181146128e+32
2.43633806897	923	239.482959285	9.39181146128e+32
2.43274128342	924	239.482959285	9.39181146128e+32
2.42914449241	925	239.482959285	9.39181146128e+32
2.425547696	926	239.482959285	9.39181146128e+32
2.42195089427	927	239.482959285	9.39181146128e+32
2.41835408729	928	239.482959285	9.39181146128e+32
2.41475727512	929	239.482959285	9.39181146128e+32
2.41116045786	930	239.482959285	9.39181146128e+32
2.40756363555	931	239.482959285	9.39181146128e+32
2.40396680829	932	239.482959285	9.39181146128e+32
2.40036997614	933	239.482959285	9.39181146128e+32
2.39677313918	934	239.482959285	9.39181146128e+32
2.39317629749	935	239.482959285	9.39181146128e+32
2.38957945112	936	239.482959285	9.39181146128e+32
2.38598260017	937	239.482959285	9.39181146128e+32
2.3823857447	938	239.482959285	9.39181146128e+32
2.37878888479	939	239.482959285	9.39181146128e+32
2.37519202052	940	239.482959285	9.39181146128e+32
2.37159515196	941	239.482959285	9.39181146128e+32
2.36799827918	942	239.482959285	9.39181146128e+32
2.36440140226	943	239.482959285	9.39181146128e+32
2.36080452129	944	239.482959285	9.39181146128e+32
2.35720763632	945	239.482959285	9.39181146128e+32
2.35361074745	946	239.482959285	9.39181146128e+32
2.35001385475	947	239.482959285	9.39181146128e+32
2.34641695829	948	239.482959285	9.39181146128e+32
2.34282005815	949	239.482959285	9.39181146128e+32
2.33922315442	950	239.482959285	9.39181146128e+32
2.33562624716	951	239.482959285	9.39181146128e+32
2.33202933646	952	239.482959285	9.39181146128e+32
2.32843242239	953	239.482959285	9.39181146128e+32
2.32483550503	954	239.482959285	9.39181146128e+32
2.32123858447	955	239.482959285	9.39181146128e+32
2.31764166078	956	239.482959285	9.39181146128e+32
2.31404473404	957	239.482959285	9.39181146128e+32
2.31044780433	958	239.482959285	9.39181146128e+32
2.30685087174	959	239.482959285	9.39181146128e+32
2.30325393633	960	239.482959285	9.39181146128e+32
2.2996569982	961	239.482959285	9.39181146128e+32
2.29606005741	962	239.482959285	9.39181146128e+32
2.29246311406	963	239.482959285	9.39181146128e+32
2.28886616823	964	239.482959285	9.39181146128e+32
2.28526921999	965	239.482959285	9.39181146128e+32
2.28167226943	966	239.482959285	9.39181146128e+32
2.27807531663	967	239.482959285	9.39181146128e+32
2.27447836167	968	239.482959285	9.39181146128e+32
2.27088140464	969	239.482959285	9.39181146128e+32
2.26728444562	970	239.482959285	9.39181146128e+32
2.26368748469	971	239.482959285	9.39181146128e+32
2.26009052193	972	239.482959285	9.39181146128e+32
2.25649355743	973	239.482959285	9.39181146128e+32
2.25289659128	974	239.482959285	9.39181146127e+32
2.24929962356	975	239.482959285	9.39181146127e+32
2.24570265434	976	239.482959285	9.39181146127e+32
2.24210568373	977	239.482959285	9.39181146127e+32
2.2385087118	978	239.482959285	9.39181146127e+32
2.23491173863	979	239.482959285	9.39181146127e+32
2.23131476432	980	239.482959285	9.39181146127e+32
2.22771778895	981	239.482959285	9.39181146127e+32
2.22412081261	982	239.482959285	9.39181146127e+32
2.22052383538	983	239.482959285	9.39181146127e+32
2.21692685736	984	239.482959285	9.39181146127e+32
2.21332987862	985	239.482959285	9.39181146127e+32
2.20973289925	986	239.482959285	9.39181146127e+32
2.20613591935	987	239.482959285	9.39181146127e+32
2.20253893901	988	239.482959285	9.39181146127e+32
2.1989419583	989	239.482959285	9.39181146127e+32
2.19534497732	990	239.482959285	9.39181146127e+32
2.19174799617	991	239.482959285	9.39181146127e+32
2.18815101492	992	239.482959285	9.39181146127e+32
2.18455403366	993	239.482959285	9.39181146127e+32
2.1809570525	994	239.482959285	9.39181146127e+32
2.17736007152	995	239.482959285	9.39181146127e+32
2.1737630908	996	239.482959285	9.39181146127e+32
2.17016611045	997	239.482959285	9.39181146127e+32
2.16656913055	998	239.482959285	9.39181146127e+32
2.16297215119	999	239.482959285	9.39181146127e+32
2.15937517247	1000	239.482959285	9.39181146127e+32
2.15577819447	1001	239.482959285	9.39181146127e+32
2.1521812173	1002	239.482959285	9.39181146127e+32
2.14858424105	1003	239.482959285	9.39181146127e+32
2.1449872658	1004	239.482959285	9.39181146127e+32
2.14139029165	1005	239.482959285	9.39181146127e+32
2.13779331869	1006	239.482959285	9.39181146127e+32
2.13419634703	1007	239.482959285	9.39181146127e+32
2.13059937675	1008	239.482959285	9.39181146127e+32
2.12700240796	1009	239.482959285	9.39181146127e+32
2.12340544073	1010	239.482959285	9.39181146127e+32
2.11980847518	1011	239.482959285	9.39181146127e+32
2.1162115114	1012	239.482959285	9.39181146127e+32
2.11261454947	1013	239.482959285	9.39181146127e+32
2.10901758951	1014	239.482959285	9.39181146127e+32
2.10542063161	1015	239.482959285	9.39181146127e+32
2.10182367586	1016	239.482959285	9.39181146127e+32
2.09822672237	1017	239.482959285	9.39181146127e+32
2.09462977122	1018	239.482959285	9.39181146127e+32
2.09103282253	1019	239.482959285	9.39181146127e+32
2.08743587639	1020	239.482959285	9.39181146127e+32
2.08383893289	1021	239.482959285	9.39181146127e+32
2.08024199214	1022	239.482959285	9.39181146127e+32
2.07664505424	1023	239.482959285	9.39181146127e+32
2.07304811929	1024	239.482959285	9.39181146127e+32
2.06945118739	1025	239.482959285	9.39181146127e+32
2.06585425863	1026	239.482959285	9.39181146127e+32
2.06225733313	1027	239.482959285	9.39181146127e+32
2.05866041099	1028	239.482959285	9.39181146127e+32
2.0550634923	1029	239.482959285	9.39181146127e+32
2.05146657716	1030	239.482959285	9.39181146127e+32
2.0478696657	1031	239.482959285	9.39181146127e+32
2.04427275799	1032	239.482959285	9.39181146127e+32
2.04067585416	1033	239.482959285	9.39181146127e+32
2.0370789543	1034	239.482959285	9.39181146127e+32
2.03348205851	1035	239.482959285	9.39181146127e+32
2.02988516691	1036	239.482959285	9.39181146127e+32
2.0262882796	1037	239.482959285	9.39181146127e+32
2.02269139669	1038	239.482959285	9.39181146127e+32
2.01909451827	1039	239.482959285	9.39181146127e+32
2.01549764446	1040	239.482959285	9.39181146127e+32
2.01190077537	1041	239.482959285	9.39181146127e+32
2.0083039111	1042	239.482959285	9.39181146127e+32
2.00470705176	1043	239.482959285	9.39181146127e+32
2.00111019745	1044	239.482959285	9.39181146127e+32
1.9975133483	1045	239.482959285	9.39181146127e+32
1.99391650439	1046	239.482959285	9.39181146127e+32
1.99031966586	1047	239.482959285	9.39181146127e+32
1.9867228328	1048	239.482959285	9.39181146127e+32
1.98312600532	1049	239.482959285	9.39181146127e+32
1.97952918354	1050	239.482959285	9.39181146127e+32
1.97593236757	1051	239.482959285	9.39181146127e+32
1.97233555752	1052	239.482959285	9.39181146127e+32
1.9687387535	1053	239.482959285	9.39181146127e+32
1.96514195562	1054	239.482959285	9.39181146127e+32
1.961545164	1055	239.482959285	9.39181146127e+32
1.95794837875	1056	239.482959285	9.39181146127e+32
1.95435159998	1057	239.482959285	9.39181146127e+32
1.95075482782	1058	239.482959285	9.39181146127e+32
1.94715806236	1059	239.482959285	9.39181146127e+32
1.94356130374	1060	239.482959285	9.39181146127e+32
1.93996455205	1061	239.482959285	9.39181146127e+32
1.93636780743	1062	239.482959285	9.39181146127e+32
1.93277106998	1063	239.482959285	9.39181146127e+32
1.92917433983	1064	239.482959285	9.39181146127e+32
1.92557761709	1065	239.482959285	9.39181146127e+32
1.92198090188	1066	239.482959285	9.39181146127e+32
1.91838419431	1067	239.482959285	9.39181146127e+32
1.91478749451	1068	239.482959285	9.39181146127e+32
1.9111908026	1069	239.482959285	9.39181146127e+32
1.90759411869	1070	239.482959285	9.39181146127e+32
1.90399744291	1071	239.482959285	9.39181146127e+32
1.90040077538	1072	239.482959285	9.39181146127e+32
1.89680411621	1073	239.482959285	9.39181146127e+32
1.89320746553	1074	239.482959285	9.39181146127e+32
1.88961082347	1075	239.482959285	9.39181146127e+32
1.88601419014	1076	239.482959285	9.39181146127e+32
1.88241756567	1077	239.482959285	9.39181146127e+32
1.87882095018	1078	239.482959285	9.39181146127e+32
1.87522434379	1079	239.482959285	9.39181146127e+32
1.87162774664	1080	239.482959285	9.39181146127e+32
1.86803115884	1081	239.482959285	9.39181146127e+32
1.86443458053	1082	239.482959285	9.39181146127e+32
1.86083801182	1083	239.482959285	9.39181146127e+32
1.85724145285	1084	239.482959285	9.39181146127e+32
1.85364490375	1085	239.482959285	9.39181146127e+32
1.85004836463	1086	239.482959285	9.39181146127e+32
1.84645183563	1087	239.482959285	9.39181146127e+32
1.84285531688	1088	239.482959285	9.39181146127e+32
1.8392588085	1089	239.482959285	9.39181146127e+32
1.83566231064	1090	239.482959285	9.39181146127e+32
1.83206582341	1091	239.482959285	9.39181146127e+32
1.82846934695	1092	239.482959285	9.39181146127e+32
1.82487288139	1093	239.482959285	9.39181146127e+32
1.82127642687	1094	239.482959285	9.39181146127e+32
1.81767998351	1095	239.482959285	9.39181146127e+32
1.81408355145	1096	239.482959285	9.39181146127e+32
1.81048713082	1097	239.482959285	9.39181146127e+32
1.80689072176	1098	239.482959285	9.39181146127e+32
1.80329432441	1099	239.482959285	9.39181146127e+32
1.79969793889	1100	239.482959285	9.39181146127e+32
1.79610156534	1101	239.482959285	9.39181146127e+32
1.79250520391	1102	239.482959285	9.39181146127e+32
1.78890885472	1103	239.482959285	9.39181146127e+32
1.78531251793	1104	239.482959285	9.39181146127e+32
1.78171619365	1105	239.482959285	9.39181146127e+32
1.77811988204	1106	239.482959285	9.39181146127e+32
1.77452358324	1107	239.482959285	9.39181146127e+32
1.77092729737	1108	239.482959285	9.39181146127e+32
1.7673310246	1109	239.482959285	9.39181146127e+32
1.76373476505	1110	239.482959285	9.39181146127e+32
1.76013851886	1111	239.482959285	9.39181146127e+32
1.75654228619	1112	239.482959285	9.39181146127e+32
1.75294606718	1113	239.482959285	9.39181146127e+32
1.74934986196	1114	239.482959285	9.39181146127e+32
1.74575367069	1115	239.482959285	9.39181146127e+32
1.7421574935	1116	239.482959285	9.39181146127e+32
1.73856133055	1117	239.482959285	9.39181146127e+32
1.73496518199	1118	239.482959285	9.39181146127e+32
1.73136904795	1119	239.482959285	9.39181146127e+32
1.72777292858	1120	239.482959285	9.39181146127e+32
1.72417682404	1121	239.482959285	9.39181146127e+32
1.72058073448	1122	239.482959285	9.39181146127e+32
1.71698466003	1123	239.482959285	9.39181146127e+32
1.71338860087	1124	239.482959285	9.39181146127e+32
1.70979255713	1125	239.482959285	9.39181146127e+32
1.70619652896	1126	239.482959285	9.39181146127e+32
1.70260051653	1127	239.482959285	9.39181146127e+32
1.69900451997	1128	239.482959285	9.39181146127e+32
1.69540853946	1129	239.482959285	9.39181146127e+32
1.69181257514	1130	239.482959285	9.39181146127e+32
1.68821662716	1131	239.482959285	9.39181146127e+32
1.68462069569	1132	239.482959285	9.39181146127e+32
1.68102478087	1133	239.482959285	9.39181146127e+32
1.67742888287	1134	239.482959285	9.39181146127e+32
1.67383300185	1135	239.482959285	9.39181146127e+32
1.67023713796	1136	239.482959285	9.39181146127e+32
1.66664129137	1137	239.482959285	9.39181146127e+32
1.66304546223	1138	239.482959285	9.39181146127e+32
1.6594496507	1139	239.482959285	9.39181146127e+32
1.65585385695	1140	239.482959285	9.39181146127e+32
1.65225808114	1141	239.482959285	9.39181146127e+32
1.64866232343	1142	239.482959285	9.39181146127e+32
1.64506658399	1143	239.482959285	9.39181146127e+32
1.64147086298	1144	239.482959285	9.39181146127e+32
1.63787516056	1145	239.482959285	9.39181146127e+32
1.63427947691	1146	239.482959285	9.39181146127e+32
1.63068381219	1147	239.482959285	9.39181146127e+32
1.62708816657	1148	239.482959285	9.39181146127e+32
1.62349254022	1149	239.482959285	9.39181146127e+32
1.6198969333	1150	239.482959285	9.39181146127e+32
1.61630134598	1151	239.482959285	9.39181146127e+32
1.61270577845	1152	239.482959285	9.39181146127e+32
1.60911023087	1153	239.482959285	9.39181146127e+32
1.6055147034	1154	239.482959285	9.39181146127e+32
1.60191919624	1155	239.482959285	9.39181146127e+32
1.59832370954	1156	239.482959285	9.39181146127e+32
1.59472824349	1157	239.482959285	9.39181146127e+32
1.59113279826	1158	239.482959285	9.39181146127e+32
1.58753737403	1159	239.482959285	9.39181146127e+32
1.58394197098	1160	239.482959285	9.39181146127e+32
1.58034658928	1161	239.482959285	9.39181146127e+32
1.57675122912	1162	239.482959285	9.39181146127e+32
1.57315589067	1163	239.482959285	9.39181146127e+32
1.56956057411	1164	239.482959285	9.39181146127e+32
1.56596527964	1165	239.482959285	9.39181146127e+32
1.56237000742	1166	239.482959285	9.39181146127e+32
1.55877475765	1167	239.482959285	9.39181146127e+32
1.55517953051	1168	239.482959285	9.39181146127e+32
1.55158432618	1169	239.482959285	9.39181146127e+32
1.54798914486	1170	239.482959285	9.39181146127e+32
1.54439398673	1171	239.482959285	9.39181146127e+32
1.54079885197	1172	239.482959285	9.39181146127e+32
1.53720374078	1173	239.482959285	9.39181146127e+32
1.53360865335	1174	239.482959285	9.39181146127e+32
1.53001358986	1175	239.482959285	9.39181146127e+32
1.52641855052	1176	239.482959285	9.39181146127e+32
1.52282353551	1177	239.482959285	9.39181146127e+32
1.51922854503	1178	239.482959285	9.39181146127e+32
1.51563357928	1179	239.482959285	9.39181146127e+32
1.51203863844	1180	239.482959285	9.39181146127e+32
1.50844372272	1181	239.482959285	9.39181146127e+32
1.50484883232	1182	239.482959285	9.39181146127e+32
1.50125396743	1183	239.482959285	9.39181146127e+32
1.49765912825	1184	239.482959285	9.39181146127e+32
1.49406431499	1185	239.482959285	9.39181146127e+32
1.49046952784	1186	239.482959285	9.39181146127e+32
1.48687476702	1187	239.482959285	9.39181146127e+32
1.48328003272	1188	239.482959285	9.39181146127e+32
1.47968532515	1189	239.482959285	9.39181146127e+32
1.47609064452	1190	239.482959285	9.39181146127e+32
1.47249599103	1191	239.482959285	9.39181146127e+32
1.46890136489	1192	239.482959285	9.39181146127e+32
1.46530676631	1193	239.482959285	9.39181146127e+32
1.46171219551	1194	239.482959285	9.39181146127e+32
1.45811765269	1195	239.482959285	9.39181146127e+32
1.45452313807	1196	239.482959285	9.39181146127e+32
1.45092865186	1197	239.482959285	9.39181146127e+32
1.44733419428	1198	239.482959285	9.39181146127e+32
1.44373976554	1199	239.482959285	9.39181146127e+32
1.44014536586	1200	239.482959285	9.39181146127e+32
1.43655099546	1201	239.482959285	9.39181146127e+32
1.43295665456	1202	239.482959285	9.39181146127e+32
1.42936234338	1203	239.482959285	9.39181146127e+32
1.42576806213	1204	239.482959285	9.39181146127e+32
1.42217381106	1205	239.482959285	9.39181146127e+32
1.41857959037	1206	239.482959285	9.39181146127e+32
1.41498540029	1207	239.482959285	9.39181146127e+32
1.41139124106	1208	239.482959285	9.39181146127e+32
1.4077971129	1209	239.482959285	9.39181146127e+32
1.40420301604	1210	239.482959285	9.39181146127e+32
1.40060895071	1211	239.482959285	9.39181146127e+32
1.39701491713	1212	239.482959285	9.39181146127e+32
1.39342091556	1213	239.482959285	9.39181146127e+32
1.38982694621	1214	239.482959285	9.39181146127e+32
1.38623300933	1215	239.482959285	9.39181146127e+32
1.38263910515	1216	239.482959285	9.39181146127e+32
1.37904523391	1217	239.482959285	9.39181146127e+32
1.37545139585	1218	239.482959285	9.39181146127e+32
1.37185759121	1219	239.482959285	9.39181146127e+32
1.36826382023	1220	239.482959285	9.39181146127e+32
1.36467008316	1221	239.482959285	9.39181146127e+32
1.36107638024	1222	239.482959285	9.39181146127e+32
1.35748271172	1223	239.482959285	9.39181146127e+32
1.35388907785	1224	239.482959285	9.39181146127e+32
1.35029547887	1225	239.482959285	9.39181146127e+32
1.34670191504	1226	239.482959285	9.39181146127e+32
1.3431083866	1227	239.482959285	9.39181146127e+32
1.33951489381	1228	239.482959285	9.39181146127e+32
1.33592143694	1229	239.482959285	9.39181146127e+32
1.33232801622	1230	239.482959285	9.39181146127e+32
1.32873463192	1231	239.482959285	9.39181146127e+32
1.3251412843	1232	239.482959285	9.39181146127e+32
1.32154797363	1233	239.482959285	9.39181146127e+32
1.31795470015	1234	239.482959285	9.39181146127e+32
1.31436146414	1235	239.482959285	9.39181146127e+32
1.31076826587	1236	239.482959285	9.39181146127e+32
1.30717510559	1237	239.482959285	9.39181146127e+32
1.30358198358	1238	239.482959285	9.39181146127e+32
1.2999889001	1239	239.482959285	9.39181146127e+32
1.29639585543	1240	239.482959285	9.39181146127e+32
1.29280284985	1241	239.482959285	9.39181146127e+32
1.28920988362	1242	239.482959285	9.39181146127e+32
1.28561695703	1243	239.482959285	9.39181146127e+32
1.28202407034	1244	239.482959285	9.39181146127e+32
1.27843122385	1245	239.482959285	9.39181146127e+32
1.27483841783	1246	239.482959285	9.39181146127e+32
1.27124565256	1247	239.482959285	9.39181146127e+32
1.26765292833	1248	239.482959285	9.39181146127e+32
1.26406024543	1249	239.482959285	9.39181146127e+32
1.26046760415	1250	239.482959285	9.39181146127e+32
1.25687500477	1251	239.482959285	9.39181146127e+32
1.25328244758	1252	239.482959285	9.39181146127e+32
1.24968993289	1253	239.482959285	9.39181146127e+32
1.24609746098	1254	239.482959285	9.39181146127e+32
1.24250503215	1255	239.482959285	9.39181146127e+32
1.23891264671	1256	239.482959285	9.39181146127e+32
1.23532030495	1257	239.482959285	9.39181146127e+32
1.23172800717	1258	239.482959285	9.39181146127e+32
1.22813575368	1259	239.482959285	9.39181146127e+32
1.22454354479	1260	239.482959285	9.39181146127e+32
1.2209513808	1261	239.482959285	9.39181146127e+32
1.21735926203	1262	239.482959285	9.39181146127e+32
1.21376718878	1263	239.482959285	9.39181146127e+32
1.21017516138	1264	239.482959285	9.39181146127e+32
1.20658318013	1265	239.482959285	9.39181146127e+32
1.20299124536	1266	239.482959285	9.39181146127e+32
1.19939935738	1267	239.482959285	9.39181146127e+32
1.19580751652	1268	239.482959285	9.39181146127e+32
1.1922157231	1269	239.482959285	9.39181146127e+32
1.18862397745	1270	239.482959285	9.39181146127e+32
1.1850322799	1271	239.482959285	9.39181146127e+32
1.18144063077	1272	239.482959285	9.39181146127e+32
1.1778490304	1273	239.482959285	9.39181146127e+32
1.17425747913	1274	239.482959285	9.39181146127e+32
1.17066597729	1275	239.482959285	9.39181146127e+32
1.16707452523	1276	239.482959285	9.39181146127e+32
1.16348312327	1277	239.482959285	9.39181146127e+32
1.15989177177	1278	239.482959285	9.39181146127e+32
1.15630047108	1279	239.482959285	9.39181146127e+32
1.15270922153	1280	239.482959285	9.39181146127e+32
1.14911802349	1281	239.482959285	9.39181146127e+32
1.1455268773	1282	239.482959285	9.39181146127e+32
1.14193578331	1283	239.482959285	9.39181146127e+32
1.1383447419	1284	239.482959285	9.39181146127e+32
1.13475375341	1285	239.482959285	9.39181146127e+32
1.13116281822	1286	239.482959285	9.39181146127e+32
1.12757193667	1287	239.482959285	9.39181146127e+32
1.12398110915	1288	239.482959285	9.39181146127e+32
1.12039033602	1289	239.482959285	9.39181146127e+32
1.11679961766	1290	239.482959285	9.39181146127e+32
1.11320895443	1291	239.482959285	9.39181146127e+32
1.10961834672	1292	239.482959285	9.39181146127e+32
1.1060277949	1293	239.482959285	9.39181146127e+32
1.10243729937	1294	239.482959285	9.39181146127e+32
1.0988468605	1295	239.482959285	9.39181146127e+32
1.09525647868	1296	239.482959285	9.39181146127e+32
1.09166615431	1297	239.482959285	9.39181146127e+32
1.08807588777	1298	239.482959285	9.39181146127e+32
1.08448567947	1299	239.482959285	9.39181146127e+32
1.0808955298	1300	239.482959285	9.39181146127e+32
1.07730543917	1301	239.482959285	9.39181146127e+32
1.07371540797	1302	239.482959285	9.39181146127e+32
1.07012543662	1303	239.482959285	9.39181146127e+32
1.06653552553	1304	239.482959285	9.39181146127e+32
1.06294567511	1305	239.482959285	9.39181146127e+32
1.05935588577	1306	239.482959285	9.39181146127e+32
1.05576615794	1307	239.482959285	9.39181146127e+32
1.05217649205	1308	239.482959285	9.39181146127e+32
1.0485868885	1309	239.482959285	9.39181146127e+32
1.04499734774	1310	239.482959285	9.39181146127e+32
1.0414078702	1311	239.482959285	9.39181146127e+32
1.0378184563	1312	239.482959285	9.39181146127e+32
1.0342291065	1313	239.482959285	9.39181146127e+32
1.03063982122	1314	239.482959285	9.39181146127e+32
1.02705060092	1315	239.482959285	9.39181146127e+32
1.02346144605	1316	239.482959285	9.39181146127e+32
1.01987235704	1317	239.482959285	9.39181146127e+32
1.01628333437	1318	239.482959285	9.39181146127e+32
1.01269437848	1319	239.482959285	9.39181146127e+32
1.00910548984	1320	239.482959285	9.39181146127e+32
1.00551666891	1321	239.482959285	9.39181146127e+32
1.00192791617	1322	239.482959285	9.39181146127e+32
0.998339232082	1323	239.482959285	9.39181146127e+32
0.994750617125	1324	239.482959285	9.39181146127e+32
0.991162071777	1325	239.482959285	9.39181146127e+32
0.987573596523	1326	239.482959285	9.39181146127e+32
0.983985191849	1327	239.482959285	9.39181146127e+32
0.980396858246	1328	239.482959285	9.39181146127e+32
0.976808596209	1329	239.482959285	9.39181146127e+32
0.973220406237	1330	239.482959285	9.39181146127e+32
0.96963228883	1331	239.482959285	9.39181146127e+32
0.966044244497	1332	239.482959285	9.39181146127e+32
0.962456273747	1333	239.482959285	9.39181146127e+32
0.958868377095	1334	239.482959285	9.39181146127e+32
0.955280555059	1335	239.482959285	9.39181146127e+32
0.951692808162	1336	239.482959285	9.39181146127e+32
0.94810513693	1337	239.482959285	9.39181146127e+32
0.944517541896	1338	239.482959285	9.39181146127e+32
0.940930023594	1339	239.482959285	9.39181146127e+32
0.937342582565	1340	239.482959285	9.39181146127e+32
0.933755219352	1341	239.482959285	9.39181146127e+32
0.930167934504	1342	239.482959285	9.39181146127e+32
0.926580728574	1343	239.482959285	9.39181146127e+32
0.92299360212	1344	239.482959285	9.39181146127e+32
0.919406555705	1345	239.482959285	9.39181146127e+32
0.915819589896	1346	239.482959285	9.39181146127e+32
0.912232705264	1347	239.482959285	9.39181146127e+32
0.908645902386	1348	239.482959285	9.39181146127e+32
0.905059181844	1349	239.482959285	9.39181146127e+32
0.901472544224	1350	239.482959285	9.39181146127e+32
0.897885990117	1351	239.482959285	9.39181146127e+32
0.894299520119	1352	239.482959285	9.39181146127e+32
0.890713134834	1353	239.482959285	9.39181146127e+32
0.887126834866	1354	239.482959285	9.39181146127e+32
0.883540620828	1355	239.482959285	9.39181146127e+32
0.879954493338	1356	239.482959285	9.39181146127e+32
0.876368453017	1357	239.482959285	9.39181146127e+32
0.872782500495	1358	239.482959285	9.39181146127e+32
0.869196636405	1359	239.482959285	9.39181146127e+32
0.865610861385	1360	239.482959285	9.39181146127e+32
0.862025176081	1361	239.482959285	9.39181146127e+32
0.858439581144	1362	239.482959285	9.39181146127e+32
0.854854077229	1363	239.482959285	9.39181146127e+32
0.851268665	1364	239.482959285	9.39181146127e+32
0.847683345124	1365	239.482959285	9.39181146127e+32
0.844098118276	1366	239.482959285	9.39181146127e+32
0.840512985136	1367	239.482959285	9.39181146127e+32
0.83692794639	1368	239.482959285	9.39181146127e+32
0.833343002733	1369	239.482959285	9.39181146127e+32
0.829758154863	1370	239.482959285	9.39181146127e+32
0.826173403485	1371	239.482959285	9.39181146127e+32
0.822588749313	1372	239.482959285	9.39181146127e+32
0.819004193065	1373	239.482959285	9.39181146127e+32
0.815419735467	1374	239.482959285	9.39181146127e+32
0.811835377252	1375	239.482959285	9.39181146127e+32
0.808251119159	1376	239.482959285	9.39181146127e+32
0.804666961934	1377	239.482959285	9.39181146127e+32
0.801082906332	1378	239.482959285	9.39181146127e+32
0.797498953113	1379	239.482959285	9.39181146127e+32
0.793915103045	1380	239.482959285	9.39181146127e+32
0.790331356904	1381	239.482959285	9.39181146127e+32
0.786747715473	1382	239.482959285	9.39181146127e+32
0.783164179543	1383	239.482959285	9.39181146127e+32
0.779580749913	1384	239.482959285	9.39181146127e+32
0.775997427389	1385	239.482959285	9.39181146127e+32
0.772414212785	1386	239.482959285	9.39181146127e+32
0.768831106924	1387	239.482959285	9.39181146127e+32
0.765248110637	1388	239.482959285	9.39181146127e+32
0.761665224762	1389	239.482959285	9.39181146127e+32
0.758082450148	1390	239.482959285	9.39181146127e+32
0.75449978765	1391	239.482959285	9.39181146127e+32
0.750917238134	1392	239.482959285	9.39181146127e+32
0.747334802473	1393	239.482959285	9.39181146127e+32
0.743752481549	1394	239.482959285	9.39181146127e+32
0.740170276256	1395	239.482959285	9.39181146127e+32
0.736588187493	1396	239.482959285	9.39181146127e+32
0.733006216172	1397	239.482959285	9.39181146127e+32
0.729424363212	1398	239.482959285	9.39181146127e+32
0.725842629544	1399	239.482959285	9.39181146127e+32
0.722261016107	1400	239.482959285	9.39181146127e+32
0.71867952385	1401	239.482959285	9.39181146127e+32
0.715098153734	1402	239.482959285	9.39181146127e+32
0.711516906729	1403	239.482959285	9.39181146127e+32
0.707935783816	1404	239.482959285	9.39181146127e+32
0.704354785985	1405	239.482959285	9.39181146127e+32
0.700773914239	1406	239.482959285	9.39181146127e+32
0.697193169591	1407	239.482959285	9.39181146127e+32
0.693612553067	1408	239.482959285	9.39181146127e+32
0.6900320657	1409	239.482959285	9.39181146127e+32
0.68645170854	1410	239.482959285	9.39181146127e+32
0.682871482644	1411	239.482959285	9.39181146127e+32
0.679291389085	1412	239.482959285	9.39181146127e+32
0.675711428945	1413	239.482959285	9.39181146127e+32
0.67213160332	1414	239.482959285	9.39181146127e+32
0.668551913318	1415	239.482959285	9.39181146127e+32
0.66497236006	1416	239.482959285	9.39181146127e+32
0.66139294468	1417	239.482959285	9.39181146127e+32
0.657813668325	1418	239.482959285	9.39181146127e+32
0.654234532157	1419	239.482959285	9.39181146127e+32
0.650655537348	1420	239.482959285	9.39181146127e+32
0.647076685088	1421	239.482959285	9.39181146127e+32
0.643497976579	1422	239.482959285	9.39181146127e+32
0.639919413038	1423	239.482959285	9.39181146127e+32
0.636340995697	1424	239.482959285	9.39181146127e+32
0.632762725801	1425	239.482959285	9.39181146127e+32
0.629184604613	1426	239.482959285	9.39181146127e+32
0.62560663341	1427	239.482959285	9.39181146127e+32
0.622028813485	1428	239.482959285	9.39181146127e+32
0.618451146148	1429	239.482959285	9.39181146127e+32
0.614873632723	1430	239.482959285	9.39181146127e+32
0.611296274552	1431	239.482959285	9.39181146127e+32
0.607719072995	1432	239.482959285	9.39181146127e+32
0.604142029429	1433	239.482959285	9.39181146127e+32
0.600565145247	1434	239.482959285	9.39181146127e+32
0.596988421861	1435	239.482959285	9.39181146127e+32
0.593411860702	1436	239.482959285	9.39181146127e+32
0.589835463218	1437	239.482959285	9.39181146127e+32
0.586259230878	1438	239.482959285	9.39181146127e+32
0.582683165169	1439	239.482959285	9.39181146127e+32
0.579107267598	1440	239.482959285	9.39181146127e+32
0.575531539692	1441	239.482959285	9.39181146127e+32
0.571955983	1442	239.482959285	9.39181146127e+32
0.56838059909	1443	239.482959285	9.39181146127e+32
0.564805389553	1444	239.482959285	9.39181146127e+32
0.561230356	1445	239.482959285	9.39181146127e+32
0.557655500066	1446	239.482959285	9.39181146127e+32
0.554080823409	1447	239.482959285	9.39181146127e+32
0.550506327708	1448	239.482959285	9.39181146127e+32
0.546932014668	1449	239.482959285	9.39181146127e+32
0.543357886016	1450	239.482959285	9.39181146127e+32
0.539783943506	1451	239.482959285	9.39181146127e+32
0.536210188916	1452	239.482959285	9.39181146127e+32
0.53263662405	1453	239.482959285	9.39181146127e+32
0.529063250738	1454	239.482959285	9.39181146127e+32
0.525490070837	1455	239.482959285	9.39181146127e+32
0.521917086233	1456	239.482959285	9.39181146127e+32
0.518344298836	1457	239.482959285	9.39181146127e+32
0.51477171059	1458	239.482959285	9.39181146127e+32
0.511199323464	1459	239.482959285	9.39181146127e+32
0.50762713946	1460	239.482959285	9.39181146127e+32
0.504055160609	1461	239.482959285	9.39181146127e+32
0.500483388974	1462	239.482959285	9.39181146127e+32
0.496911826649	1463	239.482959285	9.39181146127e+32
0.493340475764	1464	239.482959285	9.39181146127e+32
0.489769338478	1465	239.482959285	9.39181146127e+32
0.486198416988	1466	239.482959285	9.39181146127e+32
0.482627713525	1467	239.482959285	9.39181146127e+32
0.479057230356	1468	239.482959285	9.39181146127e+32
0.475486969786	1469	239.482959285	9.39181146127e+32
0.471916934156	1470	239.482959285	9.39181146127e+32
0.468347125846	1471	239.482959285	9.39181146127e+32
0.464777547278	1472	239.482959285	9.39181146127e+32
0.461208200911	1473	239.482959285	9.39181146127e+32
0.45763908925	1474	239.482959285	9.39181146127e+32
0.45407021484	1475	239.482959285	9.39181146127e+32
0.450501580269	1476	239.482959285	9.39181146127e+32
0.446933188173	1477	239.482959285	9.39181146127e+32
0.443365041231	1478	239.482959285	9.39181146127e+32
0.439797142172	1479	239.482959285	9.39181146127e+32
0.436229493773	1480	239.482959285	9.39181146127e+32
0.432662098859	1481	239.482959285	9.39181146127e+32
0.429094960308	1482	239.482959285	9.39181146127e+32
0.42552808105	1483	239.482959285	9.39181146127e+32
0.421961464069	1484	239.482959285	9.39181146127e+32
0.418395112405	1485	239.482959285	9.39181146127e+32
0.414829029155	1486	239.482959285	9.39181146127e+32
0.411263217473	1487	239.482959285	9.39181146127e+32
0.407697680577	1488	239.482959285	9.39181146127e+32
0.404132421742	1489	239.482959285	9.39181146127e+32
0.40056744431	1490	239.482959285	9.39181146127e+32
0.39700275169	1491	239.482959285	9.39181146127e+32
0.393438347354	1492	239.482959285	9.39181146127e+32
0.389874234847	1493	239.482959285	9.39181146127e+32
0.386310417785	1494	239.482959285	9.39181146127e+32
0.382746899857	1495	239.482959285	9.39181146127e+32
0.379183684829	1496	239.482959285	9.39181146127e+32
0.375620776545	1497	239.482959285	9.39181146127e+32
0.372058178928	1498	239.482959285	9.39181146127e+32
0.368495895988	1499	239.482959285	9.39181146127e+32
0.364933931817	1500	239.482959285	9.39181146127e+32
0.361372290598	1501	239.482959285	9.39181146127e+32
0.357810976606	1502	239.482959285	9.39181146127e+32
0.354249994208	1503	239.482959285	9.39181146127e+32
0.35068934787	1504	239.482959285	9.39181146127e+32
0.347129042161	1505	239.482959285	9.39181146127e+32
0.34356908175	1506	239.482959285	9.39181146127e+32
0.340009471417	1507	239.482959285	9.39181146127e+32
0.336450216052	1508	239.482959285	9.39181146127e+32
0.332891320661	1509	239.482959285	9.39181146127e+32
0.32933279037	1510	239.482959285	9.39181146127e+32
0.325774630427	1511	239.482959285	9.39181146127e+32
0.322216846209	1512	239.482959285	9.39181146127e+32
0.318659443227	1513	239.482959285	9.39181146127e+32
0.315102427128	1514	239.482959285	9.39181146127e+32
0.311545803702	1515	239.482959285	9.39181146127e+32
0.307989578887	1516	239.482959285	9.39181146127e+32
0.304433758776	1517	239.482959285	9.39181146127e+32
0.300878349621	1518	239.482959285	9.39181146127e+32
0.297323357839	1519	239.482959285	9.39181146127e+32
0.29376879002	1520	239.482959285	9.39181146127e+32
0.290214652935	1521	239.482959285	9.39181146127e+32
0.286660953541	1522	239.482959285	9.39181146127e+32
0.283107698986	1523	239.482959285	9.39181146127e+32
0.279554896626	1524	239.482959285	9.39181146127e+32
0.276002554024	1525	239.482959285	9.39181146127e+32
0.272450678964	1526	239.482959285	9.39181146127e+32
0.26889927946	1527	239.482959285	9.39181146127e+32
0.265348363766	1528	239.482959285	9.39181146127e+32
0.261797940383	1529	239.482959285	9.39181146127e+32
0.258248018078	1530	239.482959285	9.39181146127e+32
0.254698605889	1531	239.482959285	9.39181146127e+32
0.25114971314	1532	239.482959285	9.39181146127e+32
0.247601349456	1533	239.482959285	9.39181146127e+32
0.244053524774	1534	239.482959285	9.39181146127e+32
0.240506249363	1535	239.482959285	9.39181146127e+32
0.236959533836	1536	239.482959285	9.39181146127e+32
0.233413389168	1537	239.482959285	9.39181146127e+32
0.229867826716	1538	239.482959285	9.39181146127e+32
0.226322858238	1539	239.482959285	9.39181146127e+32
0.222778495914	1540	239.482959285	9.39181146127e+32
0.219234752369	1541	239.482959285	9.39181146127e+32
0.215691640697	1542	239.482959285	9.39181146127e+32
0.212149174484	1543	239.482959285	9.39181146127e+32
0.208607367842	1544	239.482959285	9.39181146127e+32
0.205066235432	1545	239.482959285	9.39181146127e+32
0.201525792502	1546	239.482959285	9.39181146127e+32
0.197986054918	1547	239.482959285	9.39181146127e+32
0.194447039202	1548	239.482959285	9.39181146127e+32
0.190908762573	1549	239.482959285	9.39181146127e+32
0.187371242992	1550	239.482959285	9.39181146127e+32
0.183834499205	1551	239.482959285	9.39181146127e+32
0.180298550801	1552	239.482959285	9.39181146127e+32
0.176763418263	1553	239.482959285	9.39181146127e+32
0.173229123027	1554	239.482959285	9.39181146127e+32
0.169695687556	1555	239.482959285	9.39181146127e+32
0.166163135406	1556	239.482959285	9.39181146127e+32
0.162631491306	1557	239.482959285	9.39181146127e+32
0.159100781249	1558	239.482959285	9.39181146127e+32
0.155571032583	1559	239.482959285	9.39181146127e+32
0.15204227412	1560	239.482959285	9.39181146127e+32
0.148514536249	1561	239.482959285	9.39181146127e+32
0.144987851066	1562	239.482959285	9.39181146127e+32
0.141462252519	1563	239.482959285	9.39181146127e+32
0.137937776562	1564	239.482959285	9.39181146127e+32
0.134414461335	1565	239.482959285	9.39181146127e+32
0.130892347358	1566	239.482959285	9.39181146127e+32
0.127371477757	1567	239.482959285	9.39181146127e+32
0.123851898507	1568	239.482959285	9.39181146127e+32
0.120333658716	1569	239.482959285	9.39181146127e+32
0.116816810941	1570	239.482959285	9.39181146127e+32
0.113301411549	1571	239.482959285	9.39181146127e+32
0.109787521124	1572	239.482959285	9.39181146127e+32
0.106275204941	1573	239.482959285	9.39181146127e+32
