8.5	 0	0.379958834066	9.39799836752e+24
8.4999407177	 1	1.11024887415	2.34469712319e+26
8.49976751336	 2	3.24410392039	5.84938220545e+27
8.49926191102	 3	9.47685014026	1.45820225486e+29
8.49779708453	 4	27.6227936214	3.61100859613e+30
8.49380626137	 5	79.0347142088	8.45822800131e+31
8.4863501104	 6	201.858499629	1.40918122719e+33
8.480566519	 7	201.858499629	1.40918122719e+33
8.47478405058	 8	201.858499629	1.40918122719e+33
8.46900270716	 9	201.858499629	1.40918122719e+33
8.46322249078	10	201.858499629	1.40918122719e+33
8.45744340347	11	201.858499629	1.40918122719e+33
8.45166544725	12	201.858499629	1.40918122719e+33
8.44588862417	13	201.858499629	1.40918122719e+33
8.44011293626	14	201.858499629	1.40918122719e+33
8.43433838554	15	201.858499629	1.40918122719e+33
8.42856497404	16	201.858499629	1.40918122719e+33
8.4227927038	17	201.858499629	1.40918122719e+33
8.41702157685	18	201.858499629	1.40918122719e+33
8.41125159522	19	201.858499629	1.40918122719e+33
8.40548276094	20	201.858499629	1.40918122719e+33
8.39971507603	21	201.858499629	1.40918122719e+33
8.39394854253	22	201.858499629	1.40918122719e+33
8.38818316248	23	201.858499629	1.40918122719e+33
8.38241893788	24	201.858499629	1.40918122719e+33
8.37665587079	25	201.858499629	1.40918122719e+33
8.37089396322	26	201.858499629	1.40918122719e+33
8.3651332172	27	201.858499629	1.40918122719e+33
8.35937363476	28	201.858499629	1.40918122719e+33
8.35361521794	29	201.858499629	1.40918122719e+33
8.34785796875	30	201.858499629	1.40918122719e+33
8.34210188923	31	201.858499629	1.40918122719e+33
8.3363469814	32	201.858499629	1.40918122719e+33
8.3305932473	33	201.858499629	1.40918122719e+33
8.32484068893	34	201.858499629	1.40918122719e+33
8.31908930834	35	201.858499629	1.40918122719e+33
8.31333910755	36	201.858499629	1.40918122719e+33
8.30759008859	37	201.858499629	1.40918122719e+33
8.30184225348	38	201.858499629	1.40918122719e+33
8.29609560424	39	201.858499629	1.40918122719e+33
8.2903501429	40	201.858499629	1.40918122719e+33
8.28460587149	41	201.858499629	1.40918122719e+33
8.27886279203	42	201.858499629	1.40918122719e+33
8.27312090654	43	201.858499629	1.40918122719e+33
8.26738021705	44	201.858499629	1.40918122719e+33
8.26164072557	45	201.858499629	1.40918122719e+33
8.25590243415	46	201.858499629	1.40918122719e+33
8.25016534479	47	201.858499629	1.40918122719e+33
8.24442945951	48	201.858499629	1.40918122719e+33
8.23869478035	49	201.858499629	1.40918122719e+33
8.23296130932	50	201.858499629	1.40918122719e+33
8.22722904844	51	201.858499629	1.40918122719e+33
8.22149799974	52	201.858499629	1.40918122719e+33
8.21576816523	53	201.858499629	1.40918122719e+33
8.21003954693	54	201.858499629	1.40918122719e+33
8.20431214687	55	201.858499629	1.40918122719e+33
8.19858596707	56	201.858499629	1.40918122719e+33
8.19286100953	57	201.858499629	1.40918122719e+33
8.18713727629	58	201.858499629	1.40918122719e+33
8.18141476935	59	201.858499629	1.40918122719e+33
8.17569349074	60	201.858499629	1.40918122719e+33
8.16997344248	61	201.858499629	1.40918122719e+33
8.16425462657	62	201.858499629	1.40918122719e+33
8.15853704505	63	201.858499629	1.40918122719e+33
8.15282069991	64	201.858499629	1.40918122719e+33
8.14710559319	65	201.858499629	1.40918122719e+33
8.14139172689	66	201.858499629	1.40918122719e+33
8.13567910302	67	201.858499629	1.40918122719e+33
8.12996772362	68	201.858499629	1.40918122719e+33
8.12425759067	69	201.858499629	1.40918122719e+33
8.11854870621	70	201.858499629	1.40918122719e+33
8.11284107224	71	201.858499629	1.40918122719e+33
8.10713469078	72	201.858499629	1.40918122719e+33
8.10142956383	73	201.858499629	1.40918122719e+33
8.09572569341	74	201.858499629	1.40918122719e+33
8.09002308153	75	201.858499629	1.40918122719e+33
8.0843217302	76	201.858499629	1.40918122719e+33
8.07862164144	77	201.858499629	1.40918122719e+33
8.07292281724	78	201.858499629	1.40918122719e+33
8.06722525962	79	201.858499629	1.40918122719e+33
8.06152897059	80	201.858499629	1.40918122719e+33
8.05583395215	81	201.858499629	1.40918122719e+33
8.05014020632	82	201.858499629	1.40918122719e+33
8.0444477351	83	201.858499629	1.40918122719e+33
8.03875654049	84	201.858499629	1.40918122719e+33
8.03306662451	85	201.858499629	1.40918122719e+33
8.02737798915	86	201.858499629	1.40918122719e+33
8.02169063643	87	201.858499629	1.40918122719e+33
8.01600456834	88	201.858499629	1.40918122719e+33
8.0103197869	89	201.858499629	1.40918122719e+33
8.00463629409	90	201.858499629	1.40918122719e+33
7.99895409194	91	201.858499629	1.40918122719e+33
7.99327318243	92	201.858499629	1.40918122719e+33
7.98759356758	93	201.858499629	1.40918122719e+33
7.98191524937	94	201.858499629	1.40918122719e+33
7.97623822982	95	201.858499629	1.40918122719e+33
7.97056251091	96	201.858499629	1.40918122719e+33
7.96488809466	97	201.858499629	1.40918122719e+33
7.95921498306	98	201.858499629	1.40918122719e+33
7.95354317811	99	201.858499629	1.40918122719e+33
7.9478726818	100	201.858499629	1.40918122719e+33
7.94220349613	101	201.858499629	1.40918122719e+33
7.9365356231	102	201.858499628	1.40918122719e+33
7.9308690647	103	201.858499628	1.40918122719e+33
7.92520382293	104	201.858499628	1.40918122719e+33
7.91953989978	105	201.858499628	1.40918122719e+33
7.91387729725	106	201.858499628	1.40918122719e+33
7.90821601733	107	201.858499628	1.40918122719e+33
7.90255606202	108	201.858499628	1.40918122719e+33
7.89689743329	109	201.858499628	1.40918122719e+33
7.89124013315	110	201.858499628	1.40918122719e+33
7.88558416359	111	201.858499628	1.40918122719e+33
7.87992952659	112	201.858499628	1.40918122719e+33
7.87427622414	113	201.858499628	1.40918122719e+33
7.86862425824	114	201.858499628	1.40918122719e+33
7.86297363087	115	201.858499628	1.40918122719e+33
7.85732434402	116	201.858499628	1.40918122719e+33
7.85167639967	117	201.858499628	1.40918122719e+33
7.84602979981	118	201.858499628	1.40918122719e+33
7.84038454643	119	201.858499628	1.40918122719e+33
7.83474064151	120	201.858499628	1.40918122719e+33
7.82909808703	121	201.858499628	1.40918122719e+33
7.82345688498	122	201.858499628	1.40918122719e+33
7.81781703733	123	201.858499628	1.40918122719e+33
7.81217854608	124	201.858499628	1.40918122719e+33
7.8065414132	125	201.858499628	1.40918122719e+33
7.80090564067	126	201.858499628	1.40918122719e+33
7.79527123047	127	201.858499628	1.40918122719e+33
7.78963818457	128	201.858499628	1.40918122719e+33
7.78400650497	129	201.858499628	1.40918122719e+33
7.77837619363	130	201.858499628	1.40918122719e+33
7.77274725253	131	201.858499628	1.40918122719e+33
7.76711968365	132	201.858499628	1.40918122719e+33
7.76149348896	133	201.858499628	1.40918122719e+33
7.75586867043	134	201.858499628	1.40918122719e+33
7.75024523005	135	201.858499628	1.40918122719e+33
7.74462316977	136	201.858499628	1.40918122719e+33
7.73900249158	137	201.858499628	1.40918122719e+33
7.73338319745	138	201.858499628	1.40918122719e+33
7.72776528933	139	201.858499628	1.40918122719e+33
7.72214876922	140	201.858499628	1.40918122719e+33
7.71653363906	141	201.858499628	1.40918122719e+33
7.71091990084	142	201.858499628	1.40918122719e+33
7.70530755651	143	201.858499628	1.40918122719e+33
7.69969660805	144	201.858499628	1.40918122719e+33
7.69408705741	145	201.858499628	1.40918122719e+33
7.68847890657	146	201.858499628	1.40918122719e+33
7.68287215749	147	201.858499628	1.40918122719e+33
7.67726681213	148	201.858499628	1.40918122719e+33
7.67166287245	149	201.858499628	1.40918122719e+33
7.66606034041	150	201.858499628	1.40918122719e+33
7.66045921798	151	201.858499628	1.40918122719e+33
7.65485950711	152	201.858499628	1.40918122719e+33
7.64926120977	153	201.858499628	1.40918122719e+33
7.64366432791	154	201.858499628	1.40918122719e+33
7.63806886348	155	201.858499628	1.40918122719e+33
7.63247481845	156	201.858499628	1.40918122719e+33
7.62688219476	157	201.858499628	1.40918122719e+33
7.62129099438	158	201.858499628	1.40918122719e+33
7.61570121926	159	201.858499628	1.40918122719e+33
7.61011287135	160	201.858499628	1.40918122719e+33
7.60452595259	161	201.858499628	1.40918122719e+33
7.59894046495	162	201.858499628	1.40918122719e+33
7.59335641037	163	201.858499628	1.40918122719e+33
7.5877737908	164	201.858499628	1.40918122719e+33
7.58219260819	165	201.858499628	1.40918122719e+33
7.57661286449	166	201.858499628	1.40918122719e+33
7.57103456163	167	201.858499628	1.40918122719e+33
7.56545770158	168	201.858499628	1.40918122719e+33
7.55988228627	169	201.858499628	1.40918122719e+33
7.55430831764	170	201.858499628	1.40918122719e+33
7.54873579764	171	201.858499628	1.40918122719e+33
7.54316472821	172	201.858499628	1.40918122719e+33
7.53759511129	173	201.858499628	1.40918122719e+33
7.53202694882	174	201.858499628	1.40918122719e+33
7.52646024274	175	201.858499628	1.40918122719e+33
7.52089499498	176	201.858499628	1.40918122719e+33
7.51533120749	177	201.858499628	1.40918122719e+33
7.50976888219	178	201.858499628	1.40918122719e+33
7.50420802103	179	201.858499628	1.40918122719e+33
7.49864862594	180	201.858499628	1.40918122719e+33
7.49309069884	181	201.858499628	1.40918122719e+33
7.48753424168	182	201.858499628	1.40918122719e+33
7.48197925639	183	201.858499628	1.40918122719e+33
7.47642574488	184	201.858499628	1.40918122719e+33
7.4708737091	185	201.858499628	1.40918122719e+33
7.46532315096	186	201.858499628	1.40918122719e+33
7.4597740724	187	201.858499628	1.40918122719e+33
7.45422647535	188	201.858499628	1.40918122719e+33
7.44868036172	189	201.858499628	1.40918122719e+33
7.44313573344	190	201.858499628	1.40918122719e+33
7.43759259244	191	201.858499628	1.40918122719e+33
7.43205094063	192	201.858499628	1.40918122719e+33
7.42651077993	193	201.858499628	1.40918122719e+33
7.42097211227	194	201.858499628	1.40918122719e+33
7.41543493957	195	201.858499628	1.40918122719e+33
7.40989926374	196	201.858499628	1.40918122719e+33
7.40436508669	197	201.858499628	1.40918122719e+33
7.39883241035	198	201.858499628	1.40918122719e+33
7.39330123662	199	201.858499628	1.40918122719e+33
7.38777156743	200	201.858499628	1.40918122719e+33
7.38224340468	201	201.858499628	1.40918122719e+33
7.37671675028	202	201.858499628	1.40918122719e+33
7.37119160615	203	201.858499628	1.40918122719e+33
7.36566797418	204	201.858499628	1.40918122719e+33
7.3601458563	205	201.858499628	1.40918122719e+33
7.35462525441	206	201.858499628	1.40918122719e+33
7.34910617041	207	201.858499628	1.40918122719e+33
7.3435886062	208	201.858499628	1.40918122719e+33
7.3380725637	209	201.858499628	1.40918122719e+33
7.3325580448	210	201.858499628	1.40918122719e+33
7.3270450514	211	201.858499628	1.40918122719e+33
7.32153358541	212	201.858499628	1.40918122719e+33
7.31602364872	213	201.858499628	1.40918122719e+33
7.31051524323	214	201.858499628	1.40918122719e+33
7.30500837083	215	201.858499628	1.40918122719e+33
7.29950303343	216	201.858499628	1.40918122719e+33
7.29399923291	217	201.858499628	1.40918122719e+33
7.28849697117	218	201.858499628	1.40918122719e+33
7.28299625011	219	201.858499628	1.40918122719e+33
7.2774970716	220	201.858499628	1.40918122719e+33
7.27199943755	221	201.858499628	1.40918122719e+33
7.26650334984	222	201.858499628	1.40918122719e+33
7.26100881035	223	201.858499628	1.40918122719e+33
7.25551582098	224	201.858499628	1.40918122719e+33
7.25002438361	225	201.858499628	1.40918122719e+33
7.24453450011	226	201.858499628	1.40918122719e+33
7.23904617238	227	201.858499628	1.40918122719e+33
7.2335594023	228	201.858499628	1.40918122719e+33
7.22807419174	229	201.858499628	1.40918122719e+33
7.22259054259	230	201.858499628	1.40918122719e+33
7.21710845672	231	201.858499628	1.40918122719e+33
7.211627936	232	201.858499628	1.40918122719e+33
7.20614898232	233	201.858499628	1.40918122719e+33
7.20067159755	234	201.858499628	1.40918122719e+33
7.19519578356	235	201.858499628	1.40918122719e+33
7.18972154221	236	201.858499628	1.40918122719e+33
7.18424887539	237	201.858499628	1.40918122719e+33
7.17877778496	238	201.858499628	1.40918122719e+33
7.17330827279	239	201.858499628	1.40918122719e+33
7.16784034074	240	201.858499628	1.40918122719e+33
7.16237399069	241	201.858499628	1.40918122719e+33
7.15690922448	242	201.858499628	1.40918122719e+33
7.151446044	243	201.858499628	1.40918122719e+33
7.14598445109	244	201.858499628	1.40918122719e+33
7.14052444762	245	201.858499628	1.40918122719e+33
7.13506603544	246	201.858499628	1.40918122719e+33
7.12960921642	247	201.858499628	1.40918122719e+33
7.12415399241	248	201.858499628	1.40918122719e+33
7.11870036527	249	201.858499628	1.40918122719e+33
7.11324833684	250	201.858499628	1.40918122719e+33
7.10779790899	251	201.858499628	1.40918122719e+33
7.10234908356	252	201.858499628	1.40918122719e+33
7.0969018624	253	201.858499628	1.40918122719e+33
7.09145624736	254	201.858499628	1.40918122719e+33
7.08601224029	255	201.858499628	1.40918122719e+33
7.08056984303	256	201.858499628	1.40918122719e+33
7.07512905744	257	201.858499628	1.40918122719e+33
7.06968988534	258	201.858499628	1.40918122719e+33
7.06425232858	259	201.858499628	1.40918122719e+33
7.05881638901	260	201.858499628	1.40918122719e+33
7.05338206846	261	201.858499628	1.40918122719e+33
7.04794936877	262	201.858499628	1.40918122719e+33
7.04251829177	263	201.858499628	1.40918122719e+33
7.03708883931	264	201.858499628	1.40918122719e+33
7.03166101321	265	201.858499628	1.40918122719e+33
7.02623481531	266	201.858499628	1.40918122719e+33
7.02081024743	267	201.858499628	1.40918122719e+33
7.01538731142	268	201.858499628	1.40918122719e+33
7.00996600909	269	201.858499628	1.40918122719e+33
7.00454634227	270	201.858499628	1.40918122719e+33
6.99912831278	271	201.858499628	1.40918122719e+33
6.99371192246	272	201.858499628	1.40918122719e+33
6.98829717313	273	201.858499628	1.40918122719e+33
6.98288406659	274	201.858499628	1.40918122719e+33
6.97747260469	275	201.858499628	1.40918122719e+33
6.97206278922	276	201.858499628	1.40918122719e+33
6.96665462202	277	201.858499628	1.40918122719e+33
6.96124810489	278	201.858499628	1.40918122719e+33
6.95584323965	279	201.858499628	1.40918122719e+33
6.95044002811	280	201.858499628	1.40918122719e+33
6.94503847208	281	201.858499628	1.40918122719e+33
6.93963857338	282	201.858499628	1.40918122719e+33
6.93424033381	283	201.858499628	1.40918122719e+33
6.92884375517	284	201.858499628	1.40918122719e+33
6.92344883928	285	201.858499628	1.40918122719e+33
6.91805558794	286	201.858499628	1.40918122719e+33
6.91266400294	287	201.858499628	1.40918122719e+33
6.9072740861	288	201.858499628	1.40918122719e+33
6.90188583921	289	201.858499628	1.40918122719e+33
6.89649926406	290	201.858499628	1.40918122719e+33
6.89111436246	291	201.858499628	1.40918122719e+33
6.8857311362	292	201.858499628	1.40918122719e+33
6.88034958707	293	201.858499628	1.40918122719e+33
6.87496971687	294	201.858499628	1.40918122719e+33
6.86959152739	295	201.858499628	1.40918122719e+33
6.86421502041	296	201.858499628	1.40918122719e+33
6.85884019772	297	201.858499628	1.40918122719e+33
6.85346706111	298	201.858499628	1.40918122719e+33
6.84809561237	299	201.858499628	1.40918122719e+33
6.84272585327	300	201.858499628	1.40918122719e+33
6.8373577856	301	201.858499628	1.40918122719e+33
6.83199141114	302	201.858499628	1.40918122719e+33
6.82662673167	303	201.858499628	1.40918122719e+33
6.82126374896	304	201.858499628	1.40918122719e+33
6.81590246479	305	201.858499628	1.40918122719e+33
6.81054288093	306	201.858499628	1.40918122719e+33
6.80518499916	307	201.858499628	1.40918122719e+33
6.79982882125	308	201.858499628	1.40918122719e+33
6.79447434896	309	201.858499628	1.40918122719e+33
6.78912158407	310	201.858499628	1.40918122719e+33
6.78377052834	311	201.858499628	1.40918122719e+33
6.77842118353	312	201.858499628	1.40918122719e+33
6.77307355141	313	201.858499628	1.40918122719e+33
6.76772763373	314	201.858499628	1.40918122719e+33
6.76238343227	315	201.858499628	1.40918122719e+33
6.75704094878	316	201.858499628	1.40918122719e+33
6.75170018501	317	201.858499628	1.40918122719e+33
6.74636114271	318	201.858499628	1.40918122719e+33
6.74102382365	319	201.858499628	1.40918122719e+33
6.73568822958	320	201.858499628	1.40918122719e+33
6.73035436224	321	201.858499628	1.40918122719e+33
6.72502222339	322	201.858499628	1.40918122719e+33
6.71969181476	323	201.858499628	1.40918122719e+33
6.71436313812	324	201.858499628	1.40918122719e+33
6.70903619519	325	201.858499628	1.40918122719e+33
6.70371098773	326	201.858499628	1.40918122719e+33
6.69838751747	327	201.858499628	1.40918122719e+33
6.69306578615	328	201.858499628	1.40918122719e+33
6.68774579551	329	201.858499628	1.40918122719e+33
6.68242754729	330	201.858499628	1.40918122719e+33
6.67711104323	331	201.858499628	1.40918122719e+33
6.67179628504	332	201.858499628	1.40918122719e+33
6.66648327447	333	201.858499628	1.40918122719e+33
6.66117201324	334	201.858499628	1.40918122719e+33
6.65586250308	335	201.858499628	1.40918122719e+33
6.65055474571	336	201.858499628	1.40918122719e+33
6.64524874287	337	201.858499628	1.40918122719e+33
6.63994449627	338	201.858499628	1.40918122719e+33
6.63464200764	339	201.858499628	1.40918122719e+33
6.62934127869	340	201.858499628	1.40918122719e+33
6.62404231114	341	201.858499628	1.40918122719e+33
6.61874510671	342	201.858499628	1.40918122719e+33
6.61344966711	343	201.858499628	1.40918122719e+33
6.60815599405	344	201.858499628	1.40918122719e+33
6.60286408925	345	201.858499628	1.40918122719e+33
6.59757395441	346	201.858499628	1.40918122719e+33
6.59228559124	347	201.858499628	1.40918122719e+33
6.58699900146	348	201.858499628	1.40918122719e+33
6.58171418675	349	201.858499628	1.40918122719e+33
6.57643114882	350	201.858499628	1.40918122719e+33
6.57114988938	351	201.858499628	1.40918122719e+33
6.56587041012	352	201.858499628	1.40918122719e+33
6.56059271275	353	201.858499628	1.40918122719e+33
6.55531679895	354	201.858499628	1.40918122719e+33
6.55004267041	355	201.858499628	1.40918122719e+33
6.54477032884	356	201.858499628	1.40918122719e+33
6.53949977593	357	201.858499628	1.40918122719e+33
6.53423101335	358	201.858499628	1.40918122719e+33
6.5289640428	359	201.858499628	1.40918122719e+33
6.52369886596	360	201.858499628	1.40918122719e+33
6.51843548451	361	201.858499628	1.40918122719e+33
6.51317390015	362	201.858499628	1.40918122719e+33
6.50791411454	363	201.858499628	1.40918122719e+33
6.50265612936	364	201.858499628	1.40918122719e+33
6.4973999463	365	201.858499628	1.40918122719e+33
6.49214556702	366	201.858499628	1.40918122719e+33
6.4868929932	367	201.858499628	1.40918122719e+33
6.4816422265	368	201.858499628	1.40918122719e+33
6.47639326861	369	201.858499628	1.40918122719e+33
6.47114612118	370	201.858499628	1.40918122719e+33
6.46590078588	371	201.858499628	1.40918122719e+33
6.46065726438	372	201.858499628	1.40918122719e+33
6.45541555833	373	201.858499628	1.40918122719e+33
6.45017566941	374	201.858499628	1.40918122719e+33
6.44493759925	375	201.858499628	1.40918122719e+33
6.43970134953	376	201.858499628	1.40918122719e+33
6.4344669219	377	201.858499628	1.40918122719e+33
6.429234318	378	201.858499628	1.40918122719e+33
6.4240035395	379	201.858499628	1.40918122719e+33
6.41877458804	380	201.858499628	1.40918122719e+33
6.41354746526	381	201.858499628	1.40918122719e+33
6.40832217282	382	201.858499628	1.40918122719e+33
6.40309871235	383	201.858499628	1.40918122719e+33
6.39787708551	384	201.858499628	1.40918122719e+33
6.39265729392	385	201.858499628	1.40918122719e+33
6.38743933923	386	201.858499628	1.40918122719e+33
6.38222322308	387	201.858499628	1.40918122719e+33
6.37700894709	388	201.858499628	1.40918122719e+33
6.37179651291	389	201.858499628	1.40918122719e+33
6.36658592216	390	201.858499628	1.40918122719e+33
6.36137717647	391	201.858499628	1.40918122719e+33
6.35617027747	392	201.858499628	1.40918122719e+33
6.35096522679	393	201.858499628	1.40918122719e+33
6.34576202604	394	201.858499628	1.40918122719e+33
6.34056067685	395	201.858499628	1.40918122719e+33
6.33536118085	396	201.858499628	1.40918122719e+33
6.33016353964	397	201.858499628	1.40918122719e+33
6.32496775484	398	201.858499628	1.40918122719e+33
6.31977382807	399	201.858499628	1.40918122719e+33
6.31458176094	400	201.858499628	1.40918122719e+33
6.30939155506	401	201.858499628	1.40918122719e+33
6.30420321204	402	201.858499628	1.40918122719e+33
6.29901673348	403	201.858499628	1.40918122719e+33
6.29383212099	404	201.858499628	1.40918122719e+33
6.28864937617	405	201.858499628	1.40918122719e+33
6.28346850063	406	201.858499628	1.40918122719e+33
6.27828949596	407	201.858499628	1.40918122719e+33
6.27311236376	408	201.858499628	1.40918122719e+33
6.26793710562	409	201.858499628	1.40918122719e+33
6.26276372314	410	201.858499628	1.40918122719e+33
6.25759221791	411	201.858499628	1.40918122719e+33
6.25242259152	412	201.858499628	1.40918122719e+33
6.24725484555	413	201.858499628	1.40918122719e+33
6.2420889816	414	201.858499628	1.40918122719e+33
6.23692500123	415	201.858499628	1.40918122719e+33
6.23176290605	416	201.858499628	1.40918122719e+33
6.22660269761	417	201.858499628	1.40918122719e+33
6.22144437752	418	201.858499628	1.40918122719e+33
6.21628794733	419	201.858499628	1.40918122719e+33
6.21113340862	420	201.858499628	1.40918122719e+33
6.20598076297	421	201.858499628	1.40918122719e+33
6.20083001194	422	201.858499628	1.40918122719e+33
6.19568115711	423	201.858499628	1.40918122719e+33
6.19053420003	424	201.858499628	1.40918122719e+33
6.18538914228	425	201.858499628	1.40918122719e+33
6.18024598541	426	201.858499628	1.40918122719e+33
6.17510473098	427	201.858499628	1.40918122719e+33
6.16996538056	428	201.858499628	1.40918122719e+33
6.16482793569	429	201.858499628	1.40918122719e+33
6.15969239794	430	201.858499628	1.40918122719e+33
6.15455876885	431	201.858499628	1.40918122719e+33
6.14942704998	432	201.858499628	1.40918122719e+33
6.14429724287	433	201.858499628	1.40918122719e+33
6.13916934907	434	201.858499628	1.40918122719e+33
6.13404337012	435	201.858499628	1.40918122719e+33
6.12891930757	436	201.858499628	1.40918122719e+33
6.12379716296	437	201.858499628	1.40918122719e+33
6.11867693781	438	201.858499628	1.40918122719e+33
6.11355863368	439	201.858499628	1.40918122719e+33
6.10844225209	440	201.858499628	1.40918122719e+33
6.10332779458	441	201.858499628	1.40918122719e+33
6.09821526267	442	201.858499628	1.40918122719e+33
6.0931046579	443	201.858499628	1.40918122719e+33
6.08799598179	444	201.858499628	1.40918122719e+33
6.08288923586	445	201.858499628	1.40918122719e+33
6.07778442164	446	201.858499628	1.40918122719e+33
6.07268154064	447	201.858499628	1.40918122719e+33
6.06758059439	448	201.858499628	1.40918122719e+33
6.0624815844	449	201.858499628	1.40918122719e+33
6.05738451218	450	201.858499628	1.40918122719e+33
6.05228937924	451	201.858499628	1.40918122719e+33
6.0471961871	452	201.858499628	1.40918122719e+33
6.04210493727	453	201.858499628	1.40918122719e+33
6.03701563124	454	201.858499628	1.40918122719e+33
6.03192827052	455	201.858499628	1.40918122719e+33
6.02684285662	456	201.858499628	1.40918122719e+33
6.02175939103	457	201.858499628	1.40918122719e+33
6.01667787524	458	201.858499628	1.40918122719e+33
6.01159831077	459	201.858499628	1.40918122719e+33
6.00652069909	460	201.858499628	1.40918122719e+33
6.0014450417	461	201.858499628	1.40918122719e+33
5.99637134009	462	201.858499628	1.40918122719e+33
5.99129959575	463	201.858499628	1.40918122719e+33
5.98622981016	464	201.858499628	1.40918122719e+33
5.9811619848	465	201.858499628	1.40918122719e+33
5.97609612115	466	201.858499628	1.40918122719e+33
5.9710322207	467	201.858499628	1.40918122719e+33
5.96597028492	468	201.858499628	1.40918122719e+33
5.96091031528	469	201.858499628	1.40918122719e+33
5.95585231326	470	201.858499628	1.40918122719e+33
5.95079628032	471	201.858499628	1.40918122719e+33
5.94574221794	472	201.858499628	1.40918122719e+33
5.94069012758	473	201.858499628	1.40918122719e+33
5.9356400107	474	201.858499628	1.40918122719e+33
5.93059186877	475	201.858499628	1.40918122719e+33
5.92554570324	476	201.858499628	1.40918122719e+33
5.92050151558	477	201.858499628	1.40918122719e+33
5.91545930724	478	201.858499628	1.40918122719e+33
5.91041907967	479	201.858499628	1.40918122719e+33
5.90538083433	480	201.858499628	1.40918122719e+33
5.90034457265	481	201.858499628	1.40918122719e+33
5.8953102961	482	201.858499628	1.40918122719e+33
5.89027800611	483	201.858499628	1.40918122719e+33
5.88524770413	484	201.858499628	1.40918122719e+33
5.88021939159	485	201.858499628	1.40918122719e+33
5.87519306995	486	201.858499628	1.40918122719e+33
5.87016874062	487	201.858499628	1.40918122719e+33
5.86514640505	488	201.858499628	1.40918122719e+33
5.86012606467	489	201.858499628	1.40918122719e+33
5.85510772091	490	201.858499628	1.40918122719e+33
5.8500913752	491	201.858499628	1.40918122719e+33
5.84507702895	492	201.858499628	1.40918122719e+33
5.8400646836	493	201.858499628	1.40918122719e+33
5.83505434057	494	201.858499628	1.40918122719e+33
5.83004600127	495	201.858499628	1.40918122719e+33
5.82503966713	496	201.858499628	1.40918122719e+33
5.82003533955	497	201.858499628	1.40918122719e+33
5.81503301995	498	201.858499628	1.40918122719e+33
5.81003270974	499	201.858499628	1.40918122719e+33
5.80503441033	500	201.858499628	1.40918122719e+33
5.80003812312	501	201.858499628	1.40918122719e+33
5.79504384952	502	201.858499628	1.40918122719e+33
5.79005159093	503	201.858499628	1.40918122719e+33
5.78506134875	504	201.858499628	1.40918122719e+33
5.78007312438	505	201.858499628	1.40918122719e+33
5.7750869192	506	201.858499628	1.40918122719e+33
5.77010273462	507	201.858499628	1.40918122719e+33
5.76512057203	508	201.858499628	1.40918122719e+33
5.76014043281	509	201.858499628	1.40918122719e+33
5.75516231834	510	201.858499628	1.40918122719e+33
5.75018623003	511	201.858499628	1.40918122719e+33
5.74521216923	512	201.858499628	1.40918122719e+33
5.74024013735	513	201.858499628	1.40918122719e+33
5.73527013574	514	201.858499628	1.40918122719e+33
5.7303021658	515	201.858499628	1.40918122719e+33
5.72533622888	516	201.858499628	1.40918122719e+33
5.72037232637	517	201.858499628	1.40918122719e+33
5.71541045963	518	201.858499628	1.40918122719e+33
5.71045063002	519	201.858499628	1.40918122719e+33
5.70549283892	520	201.858499628	1.40918122719e+33
5.70053708768	521	201.858499628	1.40918122719e+33
5.69558337767	522	201.858499628	1.40918122719e+33
5.69063171023	523	201.858499628	1.40918122719e+33
5.68568208673	524	201.858499628	1.40918122719e+33
5.68073450852	525	201.858499628	1.40918122719e+33
5.67578897695	526	201.858499628	1.40918122719e+33
5.67084549337	527	201.858499628	1.40918122719e+33
5.66590405912	528	201.858499628	1.40918122719e+33
5.66096467555	529	201.858499628	1.40918122719e+33
5.65602734401	530	201.858499628	1.40918122719e+33
5.65109206582	531	201.858499628	1.40918122719e+33
5.64615884233	532	201.858499628	1.40918122719e+33
5.64122767488	533	201.858499628	1.40918122719e+33
5.63629856479	534	201.858499628	1.40918122719e+33
5.63137151339	535	201.858499628	1.40918122719e+33
5.62644652203	536	201.858499628	1.40918122719e+33
5.62152359201	537	201.858499628	1.40918122719e+33
5.61660272467	538	201.858499628	1.40918122719e+33
5.61168392132	539	201.858499628	1.40918122719e+33
5.60676718329	540	201.858499628	1.40918122719e+33
5.60185251189	541	201.858499628	1.40918122719e+33
5.59693990845	542	201.858499628	1.40918122719e+33
5.59202937426	543	201.858499628	1.40918122719e+33
5.58712091064	544	201.858499628	1.40918122719e+33
5.5822145189	545	201.858499628	1.40918122719e+33
5.57731020035	546	201.858499628	1.40918122719e+33
5.57240795628	547	201.858499628	1.40918122719e+33
5.567507788	548	201.858499628	1.40918122719e+33
5.56260969681	549	201.858499628	1.40918122719e+33
5.55771368401	550	201.858499628	1.40918122719e+33
5.55281975088	551	201.858499628	1.40918122719e+33
5.54792789873	552	201.858499628	1.40918122719e+33
5.54303812883	553	201.858499628	1.40918122719e+33
5.53815044248	554	201.858499628	1.40918122719e+33
5.53326484097	555	201.858499628	1.40918122719e+33
5.52838132557	556	201.858499628	1.40918122719e+33
5.52349989757	557	201.858499628	1.40918122719e+33
5.51862055825	558	201.858499628	1.40918122719e+33
5.51374330887	559	201.858499628	1.40918122719e+33
5.50886815072	560	201.858499628	1.40918122719e+33
5.50399508507	561	201.858499628	1.40918122719e+33
5.49912411318	562	201.858499628	1.40918122719e+33
5.49425523632	563	201.858499628	1.40918122719e+33
5.48938845576	564	201.858499628	1.40918122719e+33
5.48452377276	565	201.858499628	1.40918122719e+33
5.47966118858	566	201.858499628	1.40918122719e+33
5.47480070447	567	201.858499628	1.40918122719e+33
5.4699423217	568	201.858499628	1.40918122719e+33
5.46508604151	569	201.858499628	1.40918122719e+33
5.46023186515	570	201.858499628	1.40918122719e+33
5.45537979388	571	201.858499628	1.40918122719e+33
5.45052982893	572	201.858499628	1.40918122719e+33
5.44568197156	573	201.858499628	1.40918122719e+33
5.440836223	574	201.858499628	1.40918122719e+33
5.4359925845	575	201.858499628	1.40918122719e+33
5.43115105728	576	201.858499628	1.40918122719e+33
5.42631164259	577	201.858499628	1.40918122719e+33
5.42147434166	578	201.858499628	1.40918122719e+33
5.4166391557	579	201.858499628	1.40918122719e+33
5.41180608597	580	201.858499628	1.40918122719e+33
5.40697513367	581	201.858499628	1.40918122719e+33
5.40214630003	582	201.858499628	1.40918122719e+33
5.39731958627	583	201.858499628	1.40918122719e+33
5.39249499361	584	201.858499628	1.40918122719e+33
5.38767252327	585	201.858499628	1.40918122719e+33
5.38285217645	586	201.858499628	1.40918122719e+33
5.37803395437	587	201.858499628	1.40918122719e+33
5.37321785824	588	201.858499628	1.40918122719e+33
5.36840388926	589	201.858499628	1.40918122719e+33
5.36359204864	590	201.858499628	1.40918122719e+33
5.35878233758	591	201.858499628	1.40918122719e+33
5.35397475727	592	201.858499628	1.40918122719e+33
5.34916930893	593	201.858499628	1.40918122719e+33
5.34436599373	594	201.858499628	1.40918122719e+33
5.33956481287	595	201.858499628	1.40918122719e+33
5.33476576754	596	201.858499628	1.40918122719e+33
5.32996885893	597	201.858499628	1.40918122719e+33
5.32517408823	598	201.858499628	1.40918122719e+33
5.32038145661	599	201.858499628	1.40918122719e+33
5.31559096526	600	201.858499628	1.40918122719e+33
5.31080261536	601	201.858499628	1.40918122719e+33
5.30601640807	602	201.858499628	1.40918122719e+33
5.30123234458	603	201.858499628	1.40918122719e+33
5.29645042605	604	201.858499628	1.40918122719e+33
5.29167065366	605	201.858499628	1.40918122719e+33
5.28689302857	606	201.858499628	1.40918122719e+33
5.28211755193	607	201.858499628	1.40918122719e+33
5.27734422493	608	201.858499628	1.40918122719e+33
5.2725730487	609	201.858499628	1.40918122719e+33
5.26780402442	610	201.858499628	1.40918122719e+33
5.26303715323	611	201.858499628	1.40918122719e+33
5.25827243628	612	201.858499628	1.40918122719e+33
5.25350987473	613	201.858499628	1.40918122719e+33
5.24874946972	614	201.858499628	1.40918122719e+33
5.2439912224	615	201.858499628	1.40918122719e+33
5.23923513391	616	201.858499628	1.40918122719e+33
5.23448120539	617	201.858499628	1.40918122719e+33
5.22972943798	618	201.858499628	1.40918122719e+33
5.22497983281	619	201.858499628	1.40918122719e+33
5.22023239101	620	201.858499628	1.40918122719e+33
5.21548711372	621	201.858499628	1.40918122719e+33
5.21074400206	622	201.858499628	1.40918122719e+33
5.20600305716	623	201.858499628	1.40918122719e+33
5.20126428015	624	201.858499628	1.40918122719e+33
5.19652767213	625	201.858499628	1.40918122719e+33
5.19179323424	626	201.858499628	1.40918122719e+33
5.18706096759	627	201.858499628	1.40918122719e+33
5.18233087328	628	201.858499628	1.40918122719e+33
5.17760295244	629	201.858499628	1.40918122719e+33
5.17287720617	630	201.858499628	1.40918122719e+33
5.16815363558	631	201.858499628	1.40918122719e+33
5.16343224177	632	201.858499628	1.40918122719e+33
5.15871302584	633	201.858499628	1.40918122719e+33
5.1539959889	634	201.858499628	1.40918122719e+33
5.14928113203	635	201.858499628	1.40918122719e+33
5.14456845634	636	201.858499628	1.40918122719e+33
5.13985796291	637	201.858499628	1.40918122719e+33
5.13514965284	638	201.858499628	1.40918122719e+33
5.13044352721	639	201.858499628	1.40918122719e+33
5.12573958711	640	201.858499628	1.40918122719e+33
5.12103783361	641	201.858499628	1.40918122719e+33
5.11633826781	642	201.858499628	1.40918122719e+33
5.11164089077	643	201.858499628	1.40918122719e+33
5.10694570358	644	201.858499628	1.40918122719e+33
5.1022527073	645	201.858499628	1.40918122719e+33
5.09756190301	646	201.858499628	1.40918122719e+33
5.09287329176	647	201.858499628	1.40918122719e+33
5.08818687464	648	201.858499628	1.40918122719e+33
5.0835026527	649	201.858499628	1.40918122719e+33
5.078820627	650	201.858499628	1.40918122719e+33
5.0741407986	651	201.858499628	1.40918122719e+33
5.06946316856	652	201.858499628	1.40918122719e+33
5.06478773792	653	201.858499628	1.40918122719e+33
5.06011450775	654	201.858499628	1.40918122719e+33
5.05544347908	655	201.858499628	1.40918122719e+33
5.05077465297	656	201.858499628	1.40918122719e+33
5.04610803046	657	201.858499628	1.40918122719e+33
5.04144361259	658	201.858499628	1.40918122719e+33
5.0367814004	659	201.858499628	1.40918122719e+33
5.03212139492	660	201.858499628	1.40918122719e+33
5.02746359719	661	201.858499628	1.40918122719e+33
5.02280800824	662	201.858499628	1.40918122719e+33
5.0181546291	663	201.858499628	1.40918122719e+33
5.01350346079	664	201.858499628	1.40918122719e+33
5.00885450435	665	201.858499628	1.40918122719e+33
5.00420776078	666	201.858499628	1.40918122719e+33
4.99956323112	667	201.858499628	1.40918122719e+33
4.99492091638	668	201.858499628	1.40918122719e+33
4.99028081757	669	201.858499628	1.40918122719e+33
4.9856429357	670	201.858499628	1.40918122719e+33
4.98100727179	671	201.858499628	1.40918122719e+33
4.97637382684	672	201.858499628	1.40918122719e+33
4.97174260186	673	201.858499628	1.40918122719e+33
4.96711359785	674	201.858499628	1.40918122719e+33
4.9624868158	675	201.858499628	1.40918122719e+33
4.95786225672	676	201.858499628	1.40918122719e+33
4.9532399216	677	201.858499628	1.40918122719e+33
4.94861981143	678	201.858499628	1.40918122719e+33
4.94400078923	679	201.858499628	1.40918122719e+33
4.93938050195	680	201.858499628	1.40918122719e+33
4.93475894695	681	201.858499628	1.40918122719e+33
4.93013612156	682	201.858499628	1.40918122719e+33
4.9255120231	683	201.858499628	1.40918122719e+33
4.92088664891	684	201.858499628	1.40918122719e+33
4.91625999629	685	201.858499628	1.40918122719e+33
4.91163206254	686	201.858499628	1.40918122719e+33
4.90700284496	687	201.858499628	1.40918122719e+33
4.90237234085	688	201.858499628	1.40918122719e+33
4.89774054748	689	201.858499628	1.40918122719e+33
4.89310746211	690	201.858499628	1.40918122719e+33
4.88847308203	691	201.858499628	1.40918122719e+33
4.88383740447	692	201.858499628	1.40918122719e+33
4.87920042669	693	201.858499628	1.40918122719e+33
4.87456214593	694	201.858499628	1.40918122719e+33
4.86992255941	695	201.858499628	1.40918122719e+33
4.86528166436	696	201.858499628	1.40918122719e+33
4.86063945798	697	201.858499628	1.40918122719e+33
4.8559959375	698	201.858499628	1.40918122719e+33
4.85135110009	699	201.858499628	1.40918122719e+33
4.84670494295	700	201.858499628	1.40918122719e+33
4.84205746326	701	201.858499628	1.40918122719e+33
4.83740865818	702	201.858499628	1.40918122719e+33
4.83275852489	703	201.858499628	1.40918122719e+33
4.82810706052	704	201.858499628	1.40918122719e+33
4.82345426223	705	201.858499628	1.40918122719e+33
4.81880012715	706	201.858499628	1.40918122719e+33
4.8141446524	707	201.858499628	1.40918122719e+33
4.80948783511	708	201.858499628	1.40918122719e+33
4.80482967239	709	201.858499628	1.40918122719e+33
4.80017016132	710	201.858499628	1.40918122719e+33
4.79550929901	711	201.858499628	1.40918122719e+33
4.79084708253	712	201.858499628	1.40918122719e+33
4.78618350895	713	201.858499628	1.40918122719e+33
4.78151857535	714	201.858499628	1.40918122719e+33
4.77685227877	715	201.858499628	1.40918122719e+33
4.77218461626	716	201.858499628	1.40918122719e+33
4.76751558485	717	201.858499628	1.40918122719e+33
4.76284518157	718	201.858499628	1.40918122719e+33
4.75817340345	719	201.858499628	1.40918122719e+33
4.75350024747	720	201.858499628	1.40918122719e+33
4.74882571066	721	201.858499628	1.40918122719e+33
4.74414978998	722	201.858499628	1.40918122719e+33
4.73947248243	723	201.858499628	1.40918122719e+33
4.73479378497	724	201.858499628	1.40918122719e+33
4.73011369456	725	201.858499628	1.40918122719e+33
4.72543220816	726	201.858499628	1.40918122719e+33
4.7207493227	727	201.858499628	1.40918122719e+33
4.71606503512	728	201.858499628	1.40918122719e+33
4.71137934234	729	201.858499628	1.40918122719e+33
4.70669224127	730	201.858499628	1.40918122719e+33
4.7020037288	731	201.858499628	1.40918122719e+33
4.69731380185	732	201.858499628	1.40918122719e+33
4.69262245728	733	201.858499628	1.40918122719e+33
4.68792969197	734	201.858499628	1.40918122719e+33
4.68323550278	735	201.858499628	1.40918122719e+33
4.67853988656	736	201.858499628	1.40918122719e+33
4.67384284016	737	201.858499628	1.40918122719e+33
4.66914436041	738	201.858499628	1.40918122719e+33
4.66444444413	739	201.858499628	1.40918122719e+33
4.65974308813	740	201.858499628	1.40918122719e+33
4.65504028921	741	201.858499628	1.40918122719e+33
4.65033604417	742	201.858499628	1.40918122719e+33
4.64563034978	743	201.858499628	1.40918122719e+33
4.64104257849	744	201.858499628	1.40918122719e+33
4.63639709791	745	201.858499628	1.40918122719e+33
4.63177985451	746	201.858499628	1.40918122719e+33
4.62714857946	747	201.858499628	1.40918122719e+33
4.62252401745	748	201.858499628	1.40918122719e+33
4.61789597346	749	201.858499628	1.40918122719e+33
4.61326945627	750	201.858499628	1.40918122719e+33
4.6086420039	751	201.858499628	1.40918122719e+33
4.60401482667	752	201.858499628	1.40918122719e+33
4.59938732948	753	201.858499628	1.40918122719e+33
4.59475980505	754	201.858499628	1.40918122719e+33
4.59013210943	755	201.858499628	1.40918122719e+33
4.58550431349	756	201.858499628	1.40918122719e+33
4.58087638239	757	201.858499628	1.40918122719e+33
4.57624833334	758	201.858499628	1.40918122719e+33
4.5716201579	759	201.858499628	1.40918122719e+33
4.56699186027	760	201.858499628	1.40918122719e+33
4.56236343842	761	201.858499628	1.40918122719e+33
4.55773489341	762	201.858499628	1.40918122719e+33
4.55310622476	763	201.858499628	1.40918122719e+33
4.54847743275	764	201.858499628	1.40918122719e+33
4.54384851728	765	201.858499628	1.40918122719e+33
4.53921947845	766	201.858499628	1.40918122719e+33
4.53459031626	767	201.858499628	1.40918122719e+33
4.52996103076	768	201.858499628	1.40918122719e+33
4.52533162195	769	201.858499628	1.40918122719e+33
4.5207020899	770	201.858499628	1.40918122719e+33
4.51607243461	771	201.858499628	1.40918122719e+33
4.51144265612	772	201.858499628	1.40918122719e+33
4.50681275447	773	201.858499628	1.40918122719e+33
4.50218272968	774	201.858499628	1.40918122719e+33
4.49755258179	775	201.858499628	1.40918122719e+33
4.49292231083	776	201.858499628	1.40918122719e+33
4.48829191683	777	201.858499628	1.40918122719e+33
4.48366139981	778	201.858499628	1.40918122719e+33
4.47903075982	779	201.858499628	1.40918122719e+33
4.47439999689	780	201.858499628	1.40918122719e+33
4.46976911104	781	201.858499628	1.40918122719e+33
4.46513810231	782	201.858499628	1.40918122719e+33
4.46050697073	783	201.858499628	1.40918122719e+33
4.45587571633	784	201.858499628	1.40918122719e+33
4.45124433914	785	201.858499628	1.40918122719e+33
4.44661283921	786	201.858499628	1.40918122719e+33
4.44198121655	787	201.858499628	1.40918122719e+33
4.43734947121	788	201.858499628	1.40918122719e+33
4.43271760321	789	201.858499628	1.40918122719e+33
4.42808561259	790	201.858499628	1.40918122719e+33
4.42345349938	791	201.858499628	1.40918122719e+33
4.41882126361	792	201.858499628	1.40918122719e+33
4.41418890532	793	201.858499628	1.40918122719e+33
4.40955642455	794	201.858499628	1.40918122719e+33
4.40492382131	795	201.858499628	1.40918122719e+33
4.40029109565	796	201.858499628	1.40918122719e+33
4.39565824761	797	201.858499628	1.40918122719e+33
4.3910252772	798	201.858499628	1.40918122719e+33
4.38639218448	799	201.858499628	1.40918122719e+33
4.38175896946	800	201.858499628	1.40918122719e+33
4.37712563219	801	201.858499628	1.40918122719e+33
4.3724921727	802	201.858499628	1.40918122719e+33
4.36785859103	803	201.858499628	1.40918122719e+33
4.3632248872	804	201.858499628	1.40918122719e+33
4.35859106125	805	201.858499628	1.40918122719e+33
4.35395711322	806	201.858499628	1.40918122719e+33
4.34932304314	807	201.858499628	1.40918122719e+33
4.34468885105	808	201.858499628	1.40918122719e+33
4.34005453698	809	201.858499628	1.40918122719e+33
4.33542010096	810	201.858499628	1.40918122719e+33
4.33078554304	811	201.858499628	1.40918122719e+33
4.32615086323	812	201.858499628	1.40918122719e+33
4.32151606159	813	201.858499628	1.40918122719e+33
4.31688113815	814	201.858499628	1.40918122719e+33
4.31224609293	815	201.858499628	1.40918122719e+33
4.30761092599	816	201.858499628	1.40918122719e+33
4.30297563734	817	201.858499628	1.40918122719e+33
4.29834022704	818	201.858499628	1.40918122719e+33
4.2937046951	819	201.858499628	1.40918122719e+33
4.28906904158	820	201.858499628	1.40918122719e+33
4.2844332665	821	201.858499628	1.40918122719e+33
4.27979736991	822	201.858499628	1.40918122719e+33
4.27516135183	823	201.858499628	1.40918122719e+33
4.27052521231	824	201.858499628	1.40918122719e+33
4.26588895137	825	201.858499628	1.40918122719e+33
4.26125256907	826	201.858499628	1.40918122719e+33
4.25661606543	827	201.858499628	1.40918122719e+33
4.25197944049	828	201.858499628	1.40918122719e+33
4.24734269429	829	201.858499628	1.40918122719e+33
4.24270582686	830	201.858499628	1.40918122719e+33
4.23806883825	831	201.858499628	1.40918122719e+33
4.23343172849	832	201.858499628	1.40918122719e+33
4.22879449761	833	201.858499628	1.40918122719e+33
4.22415714566	834	201.858499628	1.40918122719e+33
4.21951967267	835	201.858499628	1.40918122719e+33
4.21488207867	836	201.858499628	1.40918122719e+33
4.21024436372	837	201.858499628	1.40918122719e+33
4.20560652784	838	201.858499628	1.40918122719e+33
4.20096857108	839	201.858499628	1.40918122719e+33
4.19633049347	840	201.858499628	1.40918122719e+33
4.19169229504	841	201.858499628	1.40918122719e+33
4.18705397585	842	201.858499628	1.40918122719e+33
4.18241553592	843	201.858499628	1.40918122719e+33
4.1777769753	844	201.858499628	1.40918122719e+33
4.17313829403	845	201.858499628	1.40918122719e+33
4.16849949213	846	201.858499628	1.40918122719e+33
4.16386056966	847	201.858499628	1.40918122719e+33
4.15922152665	848	201.858499628	1.40918122719e+33
4.15458236314	849	201.858499628	1.40918122719e+33
4.14994307918	850	201.858499628	1.40918122719e+33
4.14530367479	851	201.858499628	1.40918122719e+33
4.14066415002	852	201.858499628	1.40918122719e+33
4.13602450491	853	201.858499628	1.40918122719e+33
4.1313847395	854	201.858499628	1.40918122719e+33
4.12674485383	855	201.858499628	1.40918122719e+33
4.12210484793	856	201.858499628	1.40918122719e+33
4.11746472186	857	201.858499628	1.40918122719e+33
4.11282447565	858	201.858499628	1.40918122719e+33
4.10818410933	859	201.858499628	1.40918122719e+33
4.10354362296	860	201.858499628	1.40918122719e+33
4.09890301657	861	201.858499628	1.40918122719e+33
4.0942622902	862	201.858499628	1.40918122719e+33
4.08962144389	863	201.858499628	1.40918122719e+33
4.08498047769	864	201.858499628	1.40918122719e+33
4.08033939164	865	201.858499628	1.40918122719e+33
4.07569818577	866	201.858499628	1.40918122719e+33
4.07105686013	867	201.858499628	1.40918122719e+33
4.06641541476	868	201.858499628	1.40918122719e+33
4.06177384971	869	201.858499628	1.40918122719e+33
4.057132165	870	201.858499628	1.40918122719e+33
4.0524903607	871	201.858499628	1.40918122719e+33
4.04784843683	872	201.858499628	1.40918122719e+33
4.04320639344	873	201.858499628	1.40918122719e+33
4.03856423058	874	201.858499628	1.40918122719e+33
4.03392194828	875	201.858499628	1.40918122719e+33
4.02927954658	876	201.858499628	1.40918122719e+33
4.02463702554	877	201.858499628	1.40918122719e+33
4.0199943852	878	201.858499628	1.40918122719e+33
4.01535162559	879	201.858499628	1.40918122719e+33
4.01070874676	880	201.858499628	1.40918122719e+33
4.00606574875	881	201.858499628	1.40918122719e+33
4.00142263161	882	201.858499628	1.40918122719e+33
3.99677939538	883	201.858499628	1.40918122719e+33
3.99213604011	884	201.858499628	1.40918122719e+33
3.98749256583	885	201.858499628	1.40918122719e+33
3.9828489726	886	201.858499628	1.40918122719e+33
3.97820526045	887	201.858499628	1.40918122719e+33
3.97356142944	888	201.858499628	1.40918122719e+33
3.9689174796	889	201.858499628	1.40918122719e+33
3.96427341098	890	201.858499628	1.40918122719e+33
3.95962922362	891	201.858499628	1.40918122719e+33
3.95498491757	892	201.858499628	1.40918122719e+33
3.95034049288	893	201.858499628	1.40918122719e+33
3.94569594959	894	201.858499628	1.40918122719e+33
3.94105128774	895	201.858499628	1.40918122719e+33
3.93640650738	896	201.858499628	1.40918122719e+33
3.93176160856	897	201.858499628	1.40918122719e+33
3.92711659132	898	201.858499628	1.40918122719e+33
3.92247145571	899	201.858499628	1.40918122719e+33
3.91782620177	900	201.858499628	1.40918122719e+33
3.91318082956	901	201.858499628	1.40918122719e+33
3.9085353391	902	201.858499628	1.40918122719e+33
3.90388973046	903	201.858499628	1.40918122719e+33
3.89924400368	904	201.858499628	1.40918122719e+33
3.89459815881	905	201.858499628	1.40918122719e+33
3.88995219589	906	201.858499628	1.40918122719e+33
3.88530611497	907	201.858499628	1.40918122719e+33
3.88065991609	908	201.858499628	1.40918122719e+33
3.87601359931	909	201.858499628	1.40918122719e+33
3.87136716467	910	201.858499628	1.40918122719e+33
3.86672061222	911	201.858499628	1.40918122719e+33
3.86207394201	912	201.858499628	1.40918122719e+33
3.85742715409	913	201.858499628	1.40918122719e+33
3.85278024849	914	201.858499628	1.40918122719e+33
3.84813322528	915	201.858499628	1.40918122719e+33
3.8434860845	916	201.858499628	1.40918122719e+33
3.8388388262	917	201.858499628	1.40918122719e+33
3.83419145042	918	201.858499628	1.40918122719e+33
3.82954395722	919	201.858499628	1.40918122719e+33
3.82489634665	920	201.858499628	1.40918122719e+33
3.82024861875	921	201.858499628	1.40918122719e+33
3.81560077358	922	201.858499628	1.40918122719e+33
3.81095281117	923	201.858499628	1.40918122719e+33
3.80630473159	924	201.858499628	1.40918122719e+33
3.80165653489	925	201.858499628	1.40918122719e+33
3.7970082211	926	201.858499628	1.40918122719e+33
3.79235979029	927	201.858499628	1.40918122719e+33
3.7877112425	928	201.858499628	1.40918122719e+33
3.78306257779	929	201.858499628	1.40918122719e+33
3.7784137962	930	201.858499628	1.40918122719e+33
3.77376489778	931	201.858499628	1.40918122719e+33
3.7691158826	932	201.858499628	1.40918122719e+33
3.76446675068	933	201.858499628	1.40918122719e+33
3.7598175021	934	201.858499628	1.40918122719e+33
3.7551681369	935	201.858499628	1.40918122719e+33
3.75051865512	936	201.858499628	1.40918122719e+33
3.74586905684	937	201.858499628	1.40918122719e+33
3.74121934208	938	201.858499628	1.40918122719e+33
3.73656951092	939	201.858499628	1.40918122719e+33
3.73191956339	940	201.858499628	1.40918122719e+33
3.72726949955	941	201.858499628	1.40918122719e+33
3.72261931946	942	201.858499628	1.40918122719e+33
3.71796902317	943	201.858499628	1.40918122719e+33
3.71331861073	944	201.858499628	1.40918122719e+33
3.70866808219	945	201.858499628	1.40918122719e+33
3.70401743761	946	201.858499628	1.40918122719e+33
3.69936667703	947	201.858499628	1.40918122719e+33
3.69471580053	948	201.858499628	1.40918122719e+33
3.69006480814	949	201.858499628	1.40918122719e+33
3.68541369992	950	201.858499628	1.40918122719e+33
3.68076247592	951	201.858499628	1.40918122719e+33
3.67611113621	952	201.858499628	1.40918122719e+33
3.67145968083	953	201.858499628	1.40918122719e+33
3.66680810985	954	201.858499628	1.40918122719e+33
3.6621564233	955	201.858499628	1.40918122719e+33
3.65750462126	956	201.858499628	1.40918122719e+33
3.65285270377	957	201.858499628	1.40918122719e+33
3.64820067089	958	201.858499628	1.40918122719e+33
3.64354852268	959	201.858499628	1.40918122719e+33
3.63889625918	960	201.858499628	1.40918122719e+33
3.63424388047	961	201.858499628	1.40918122719e+33
3.62959138659	962	201.858499628	1.40918122719e+33
3.6249387776	963	201.858499628	1.40918122719e+33
3.62028605355	964	201.858499628	1.40918122719e+33
3.61563321451	965	201.858499628	1.40918122719e+33
3.61098026053	966	201.858499628	1.40918122719e+33
3.60632719167	967	201.858499628	1.40918122719e+33
3.60167400798	968	201.858499628	1.40918122719e+33
3.59702070952	969	201.858499628	1.40918122719e+33
3.59236729636	970	201.858499628	1.40918122719e+33
3.58771376854	971	201.858499628	1.40918122719e+33
3.58306012612	972	201.858499628	1.40918122719e+33
3.57840636917	973	201.858499628	1.40918122719e+33
3.57375249774	974	201.858499628	1.40918122719e+33
3.5690985119	975	201.858499628	1.40918122719e+33
3.56444441169	976	201.858499628	1.40918122719e+33
3.55979019718	977	201.858499628	1.40918122719e+33
3.55513586843	978	201.858499628	1.40918122719e+33
3.5504814255	979	201.858499628	1.40918122719e+33
3.54582686844	980	201.858499628	1.40918122719e+33
3.54117219732	981	201.858499628	1.40918122719e+33
3.53651741219	982	201.858499628	1.40918122719e+33
3.53186251313	983	201.858499628	1.40918122719e+33
3.52720750018	984	201.858499628	1.40918122719e+33
3.52255237341	985	201.858499628	1.40918122719e+33
3.51789713287	986	201.858499628	1.40918122719e+33
3.51324177864	987	201.858499628	1.40918122719e+33
3.50858631077	988	201.858499628	1.40918122719e+33
3.50393072931	989	201.858499628	1.40918122719e+33
3.49927503435	990	201.858499628	1.40918122719e+33
3.49461922593	991	201.858499628	1.40918122719e+33
3.48996330411	992	201.858499628	1.40918122719e+33
3.48530726897	993	201.858499628	1.40918122719e+33
3.48065112056	994	201.858499628	1.40918122719e+33
3.47599485894	995	201.858499628	1.40918122719e+33
3.47133848418	996	201.858499628	1.40918122719e+33
3.46668199635	997	201.858499628	1.40918122719e+33
3.46202539549	998	201.858499628	1.40918122719e+33
3.45736868169	999	201.858499628	1.40918122719e+33
3.452711855	1000	201.858499628	1.40918122719e+33
3.44805491548	1001	201.858499628	1.40918122719e+33
3.4433978632	1002	201.858499628	1.40918122719e+33
3.43874069822	1003	201.858499628	1.40918122719e+33
3.43408342062	1004	201.858499628	1.40918122719e+33
3.42942603045	1005	201.858499628	1.40918122719e+33
3.42476852777	1006	201.858499628	1.40918122719e+33
3.42011091266	1007	201.858499628	1.40918122719e+33
3.41545318518	1008	201.858499628	1.40918122719e+33
3.4107953454	1009	201.858499628	1.40918122719e+33
3.40613739337	1010	201.858499628	1.40918122719e+33
3.40147932917	1011	201.858499628	1.40918122719e+33
3.39682115287	1012	201.858499628	1.40918122719e+33
3.39216286452	1013	201.858499628	1.40918122719e+33
3.38750446421	1014	201.858499628	1.40918122719e+33
3.38284595198	1015	201.858499628	1.40918122719e+33
3.37818732792	1016	201.858499628	1.40918122719e+33
3.37352859208	1017	201.858499628	1.40918122719e+33
3.36886974455	1018	201.858499628	1.40918122719e+33
3.36421078537	1019	201.858499628	1.40918122719e+33
3.35955171463	1020	201.858499628	1.40918122719e+33
3.35489253239	1021	201.858499628	1.40918122719e+33
3.35023323872	1022	201.858499628	1.40918122719e+33
3.34557383369	1023	201.858499628	1.40918122719e+33
3.34091431737	1024	201.858499628	1.40918122719e+33
3.33625468982	1025	201.858499628	1.40918122719e+33
3.33159495112	1026	201.858499628	1.40918122719e+33
3.32693510134	1027	201.858499628	1.40918122719e+33
3.32227514054	1028	201.858499628	1.40918122719e+33
3.3176150688	1029	201.858499628	1.40918122719e+33
3.31295488619	1030	201.858499628	1.40918122719e+33
3.30829459278	1031	201.858499628	1.40918122719e+33
3.30363418864	1032	201.858499628	1.40918122719e+33
3.29897367384	1033	201.858499628	1.40918122719e+33
3.29431304845	1034	201.858499628	1.40918122719e+33
3.28965231255	1035	201.858499628	1.40918122719e+33
3.2849914662	1036	201.858499628	1.40918122719e+33
3.28033050949	1037	201.858499628	1.40918122719e+33
3.27566944247	1038	201.858499628	1.40918122719e+33
3.27100826523	1039	201.858499628	1.40918122719e+33
3.26634697784	1040	201.858499628	1.40918122719e+33
3.26168558036	1041	201.858499628	1.40918122719e+33
3.25702407289	1042	201.858499628	1.40918122719e+33
3.25236245548	1043	201.858499628	1.40918122719e+33
3.24770072821	1044	201.858499628	1.40918122719e+33
3.24303889116	1045	201.858499628	1.40918122719e+33
3.23837694441	1046	201.858499628	1.40918122719e+33
3.23371488802	1047	201.858499628	1.40918122719e+33
3.22905272207	1048	201.858499628	1.40918122719e+33
3.22439044664	1049	201.858499628	1.40918122719e+33
3.2197280618	1050	201.858499628	1.40918122719e+33
3.21506556763	1051	201.858499628	1.40918122719e+33
3.21040296421	1052	201.858499628	1.40918122719e+33
3.20574025161	1053	201.858499628	1.40918122719e+33
3.20107742991	1054	201.858499628	1.40918122719e+33
3.19641449919	1055	201.858499628	1.40918122719e+33
3.19175145951	1056	201.858499628	1.40918122719e+33
3.18708831097	1057	201.858499628	1.40918122719e+33
3.18242505364	1058	201.858499628	1.40918122719e+33
3.1777616876	1059	201.858499628	1.40918122719e+33
3.17309821292	1060	201.858499628	1.40918122719e+33
3.16843462968	1061	201.858499628	1.40918122719e+33
3.16377093797	1062	201.858499628	1.40918122719e+33
3.15910713786	1063	201.858499628	1.40918122719e+33
3.15444322944	1064	201.858499628	1.40918122719e+33
3.14977921277	1065	201.858499628	1.40918122719e+33
3.14511508795	1066	201.858499628	1.40918122719e+33
3.14045085505	1067	201.858499628	1.40918122719e+33
3.13578651416	1068	201.858499628	1.40918122719e+33
3.13112206534	1069	201.858499628	1.40918122719e+33
3.1264575087	1070	201.858499628	1.40918122719e+33
3.1217928443	1071	201.858499628	1.40918122719e+33
3.11712807224	1072	201.858499628	1.40918122719e+33
3.11246319258	1073	201.858499628	1.40918122719e+33
3.10779820542	1074	201.858499628	1.40918122719e+33
3.10313311084	1075	201.858499628	1.40918122719e+33
3.09846790891	1076	201.858499628	1.40918122719e+33
3.09380259973	1077	201.858499628	1.40918122719e+33
3.08913718338	1078	201.858499628	1.40918122719e+33
3.08447165994	1079	201.858499628	1.40918122719e+33
3.0798060295	1080	201.858499628	1.40918122719e+33
3.07514029213	1081	201.858499628	1.40918122719e+33
3.07047444794	1082	201.858499628	1.40918122719e+33
3.06580849699	1083	201.858499628	1.40918122719e+33
3.06114243938	1084	201.858499628	1.40918122719e+33
3.05647627519	1085	201.858499628	1.40918122719e+33
3.05181000451	1086	201.858499628	1.40918122719e+33
3.04714362743	1087	201.858499628	1.40918122719e+33
3.04247714402	1088	201.858499628	1.40918122719e+33
3.03781055439	1089	201.858499628	1.40918122719e+33
3.03314385861	1090	201.858499628	1.40918122719e+33
3.02847705678	1091	201.858499628	1.40918122719e+33
3.02381014898	1092	201.858499628	1.40918122719e+33
3.0191431353	1093	201.858499628	1.40918122719e+33
3.01447601584	1094	201.858499628	1.40918122719e+33
3.00980879067	1095	201.858499628	1.40918122719e+33
3.00514145989	1096	201.858499628	1.40918122719e+33
3.00047402359	1097	201.858499628	1.40918122719e+33
2.99580648185	1098	201.858499628	1.40918122719e+33
2.99113883478	1099	201.858499628	1.40918122719e+33
2.98647108245	1100	201.858499628	1.40918122719e+33
2.98180322497	1101	201.858499628	1.40918122719e+33
2.97713526242	1102	201.858499628	1.40918122719e+33
2.97246719489	1103	201.858499628	1.40918122719e+33
2.96779902248	1104	201.858499628	1.40918122719e+33
2.96313074528	1105	201.858499628	1.40918122719e+33
2.95846236338	1106	201.858499628	1.40918122719e+33
2.95379387688	1107	201.858499628	1.40918122719e+33
2.94912528586	1108	201.858499628	1.40918122719e+33
2.94445659043	1109	201.858499628	1.40918122719e+33
2.93978779068	1110	201.858499628	1.40918122719e+33
2.93511888669	1111	201.858499628	1.40918122719e+33
2.93044987857	1112	201.858499628	1.40918122719e+33
2.92578076642	1113	201.858499628	1.40918122719e+33
2.92111155032	1114	201.858499628	1.40918122719e+33
2.91644223038	1115	201.858499628	1.40918122719e+33
2.91177280668	1116	201.858499628	1.40918122719e+33
2.90710327934	1117	201.858499628	1.40918122719e+33
2.90243364844	1118	201.858499628	1.40918122719e+33
2.89776391408	1119	201.858499628	1.40918122719e+33
2.89309407636	1120	201.858499628	1.40918122719e+33
2.88842413537	1121	201.858499628	1.40918122719e+33
2.88375409123	1122	201.858499628	1.40918122719e+33
2.87908394402	1123	201.858499628	1.40918122719e+33
2.87441369385	1124	201.858499628	1.40918122719e+33
2.86974334081	1125	201.858499628	1.40918122719e+33
2.865072885	1126	201.858499628	1.40918122719e+33
2.86040232654	1127	201.858499628	1.40918122719e+33
2.85573166551	1128	201.858499628	1.40918122719e+33
2.85106090201	1129	201.858499628	1.40918122719e+33
2.84639003616	1130	201.858499628	1.40918122719e+33
2.84171906805	1131	201.858499628	1.40918122719e+33
2.83704799779	1132	201.858499628	1.40918122719e+33
2.83237682547	1133	201.858499628	1.40918122719e+33
2.82770555121	1134	201.858499628	1.40918122719e+33
2.8230341751	1135	201.858499628	1.40918122719e+33
2.81836269725	1136	201.858499628	1.40918122719e+33
2.81369111776	1137	201.858499628	1.40918122719e+33
2.80901943674	1138	201.858499628	1.40918122719e+33
2.8043476543	1139	201.858499628	1.40918122719e+33
2.79967577054	1140	201.858499628	1.40918122719e+33
2.79500378556	1141	201.858499628	1.40918122719e+33
2.79033169947	1142	201.858499628	1.40918122719e+33
2.78565951239	1143	201.858499628	1.40918122719e+33
2.78098722441	1144	201.858499628	1.40918122719e+33
2.77631483565	1145	201.858499628	1.40918122719e+33
2.77164234622	1146	201.858499628	1.40918122719e+33
2.76696975621	1147	201.858499628	1.40918122719e+33
2.76229706575	1148	201.858499628	1.40918122719e+33
2.75762427494	1149	201.858499628	1.40918122719e+33
2.75295138389	1150	201.858499628	1.40918122719e+33
2.74827839272	1151	201.858499628	1.40918122719e+33
2.74360530152	1152	201.858499628	1.40918122719e+33
2.73893211042	1153	201.858499628	1.40918122719e+33
2.73425881953	1154	201.858499628	1.40918122719e+33
2.72958542896	1155	201.858499628	1.40918122719e+33
2.72491193882	1156	201.858499628	1.40918122719e+33
2.72023834922	1157	201.858499628	1.40918122719e+33
2.71556466028	1158	201.858499628	1.40918122719e+33
2.71089087211	1159	201.858499628	1.40918122719e+33
2.70621698483	1160	201.858499628	1.40918122719e+33
2.70154299856	1161	201.858499628	1.40918122719e+33
2.6968689134	1162	201.858499628	1.40918122719e+33
2.69219472947	1163	201.858499628	1.40918122719e+33
2.6875204469	1164	201.858499628	1.40918122719e+33
2.68284606579	1165	201.858499628	1.40918122719e+33
2.67817158626	1166	201.858499628	1.40918122719e+33
2.67349700844	1167	201.858499628	1.40918122719e+33
2.66882233244	1168	201.858499628	1.40918122719e+33
2.66414755838	1169	201.858499628	1.40918122719e+33
2.65947268638	1170	201.858499628	1.40918122719e+33
2.65479771655	1171	201.858499628	1.40918122719e+33
2.65012264903	1172	201.858499628	1.40918122719e+33
2.64544748392	1173	201.858499628	1.40918122719e+33
2.64077222136	1174	201.858499628	1.40918122719e+33
2.63609686146	1175	201.858499628	1.40918122719e+33
2.63142140434	1176	201.858499628	1.40918122719e+33
2.62674585014	1177	201.858499628	1.40918122719e+33
2.62207019896	1178	201.858499628	1.40918122719e+33
2.61739445094	1179	201.858499628	1.40918122719e+33
2.6127186062	1180	201.858499628	1.40918122719e+33
2.60804266486	1181	201.858499628	1.40918122719e+33
2.60336662706	1182	201.858499628	1.40918122719e+33
2.5986904929	1183	201.858499628	1.40918122719e+33
2.59401426254	1184	201.858499628	1.40918122719e+33
2.58933793608	1185	201.858499628	1.40918122719e+33
2.58466151365	1186	201.858499628	1.40918122719e+33
2.57998499539	1187	201.858499628	1.40918122719e+33
2.57530838143	1188	201.858499628	1.40918122719e+33
2.57063167189	1189	201.858499628	1.40918122719e+33
2.5659548669	1190	201.858499628	1.40918122719e+33
2.56127796659	1191	201.858499628	1.40918122719e+33
2.55660097109	1192	201.858499628	1.40918122719e+33
2.55192388054	1193	201.858499628	1.40918122719e+33
2.54724669507	1194	201.858499628	1.40918122719e+33
2.5425694148	1195	201.858499628	1.40918122719e+33
2.53789203988	1196	201.858499628	1.40918122719e+33
2.53321457043	1197	201.858499628	1.40918122719e+33
2.52853700659	1198	201.858499628	1.40918122719e+33
2.52385934849	1199	201.858499628	1.40918122719e+33
2.51918159627	1200	201.858499628	1.40918122719e+33
2.51450375007	1201	201.858499628	1.40918122719e+33
2.50982581002	1202	201.858499628	1.40918122719e+33
2.50514777626	1203	201.858499628	1.40918122719e+33
2.50046964892	1204	201.858499628	1.40918122719e+33
2.49579142815	1205	201.858499628	1.40918122719e+33
2.49111311408	1206	201.858499628	1.40918122719e+33
2.48643470686	1207	201.858499628	1.40918122719e+33
2.48175620661	1208	201.858499628	1.40918122719e+33
2.47707761349	1209	201.858499628	1.40918122719e+33
2.47239892764	1210	201.858499628	1.40918122719e+33
2.46772014919	1211	201.858499628	1.40918122719e+33
2.46304127829	1212	201.858499628	1.40918122719e+33
2.45836231508	1213	201.858499628	1.40918122719e+33
2.45368325971	1214	201.858499628	1.40918122719e+33
2.44900411232	1215	201.858499628	1.40918122719e+33
2.44432487305	1216	201.858499628	1.40918122719e+33
2.43964554205	1217	201.858499628	1.40918122719e+33
2.43496611947	1218	201.858499628	1.40918122719e+33
2.43028660545	1219	201.858499628	1.40918122719e+33
2.42560700015	1220	201.858499628	1.40918122719e+33
2.4209273037	1221	201.858499628	1.40918122719e+33
2.41624751626	1222	201.858499628	1.40918122719e+33
2.41156763798	1223	201.858499628	1.40918122719e+33
2.40688766901	1224	201.858499628	1.40918122719e+33
2.4022076095	1225	201.858499628	1.40918122719e+33
2.3975274596	1226	201.858499628	1.40918122719e+33
2.39284721946	1227	201.858499628	1.40918122719e+33
2.38816688923	1228	201.858499628	1.40918122719e+33
2.38348646908	1229	201.858499628	1.40918122719e+33
2.37880595915	1230	201.858499628	1.40918122719e+33
2.37412535959	1231	201.858499628	1.40918122719e+33
2.36944467057	1232	201.858499628	1.40918122719e+33
2.36476389225	1233	201.858499628	1.40918122719e+33
2.36008302476	1234	201.858499628	1.40918122719e+33
2.35540206829	1235	201.858499628	1.40918122719e+33
2.35072102298	1236	201.858499628	1.40918122719e+33
2.34603988899	1237	201.858499628	1.40918122719e+33
2.34135866648	1238	201.858499628	1.40918122719e+33
2.33667735562	1239	201.858499628	1.40918122719e+33
2.33199595656	1240	201.858499628	1.40918122719e+33
2.32731446947	1241	201.858499628	1.40918122719e+33
2.32263289451	1242	201.858499628	1.40918122719e+33
2.31795123185	1243	201.858499628	1.40918122719e+33
2.31326948164	1244	201.858499628	1.40918122719e+33
2.30858764405	1245	201.858499628	1.40918122719e+33
2.30390571926	1246	201.858499628	1.40918122719e+33
2.29922370742	1247	201.858499628	1.40918122719e+33
2.2945416087	1248	201.858499628	1.40918122719e+33
2.28985942328	1249	201.858499628	1.40918122719e+33
2.28517715132	1250	201.858499628	1.40918122719e+33
2.28049479299	1251	201.858499628	1.40918122719e+33
2.27581234845	1252	201.858499628	1.40918122719e+33
2.2711298179	1253	201.858499628	1.40918122719e+33
2.26644720148	1254	201.858499628	1.40918122719e+33
2.26176449939	1255	201.858499628	1.40918122719e+33
2.25708171178	1256	201.858499628	1.40918122719e+33
2.25239883884	1257	201.858499628	1.40918122719e+33
2.24771588075	1258	201.858499628	1.40918122719e+33
2.24303283767	1259	201.858499628	1.40918122719e+33
2.23834970979	1260	201.858499628	1.40918122719e+33
2.23366649728	1261	201.858499628	1.40918122719e+33
2.22898320032	1262	201.858499628	1.40918122719e+33
2.2242998191	1263	201.858499628	1.40918122719e+33
2.21961635379	1264	201.858499628	1.40918122719e+33
2.21493280457	1265	201.858499628	1.40918122719e+33
2.21024917162	1266	201.858499628	1.40918122719e+33
2.20556545514	1267	201.858499628	1.40918122719e+33
2.2008816553	1268	201.858499628	1.40918122719e+33
2.19619777229	1269	201.858499628	1.40918122719e+33
2.19151380629	1270	201.858499628	1.40918122719e+33
2.1868297575	1271	201.858499628	1.40918122719e+33
2.18214562609	1272	201.858499628	1.40918122719e+33
2.17746141226	1273	201.858499628	1.40918122719e+33
2.17277711619	1274	201.858499628	1.40918122719e+33
2.16809273809	1275	201.858499628	1.40918122719e+33
2.16340827813	1276	201.858499628	1.40918122719e+33
2.15872373651	1277	201.858499628	1.40918122719e+33
2.15403911342	1278	201.858499628	1.40918122719e+33
2.14935440907	1279	201.858499628	1.40918122719e+33
2.14466962363	1280	201.858499628	1.40918122719e+33
2.13998475732	1281	201.858499628	1.40918122719e+33
2.13529981032	1282	201.858499628	1.40918122719e+33
2.13061478283	1283	201.858499628	1.40918122719e+33
2.12592967506	1284	201.858499628	1.40918122719e+33
2.1212444872	1285	201.858499628	1.40918122719e+33
2.11655921946	1286	201.858499628	1.40918122719e+33
2.11187387203	1287	201.858499628	1.40918122719e+33
2.10718844512	1288	201.858499628	1.40918122719e+33
2.10250293893	1289	201.858499628	1.40918122719e+33
2.09781735367	1290	201.858499628	1.40918122719e+33
2.09313168955	1291	201.858499628	1.40918122719e+33
2.08844594677	1292	201.858499628	1.40918122719e+33
2.08376012553	1293	201.858499628	1.40918122719e+33
2.07907422606	1294	201.858499628	1.40918122719e+33
2.07438824855	1295	201.858499628	1.40918122719e+33
2.06970219323	1296	201.858499628	1.40918122719e+33
2.06501606029	1297	201.858499628	1.40918122719e+33
2.06032984997	1298	201.858499628	1.40918122719e+33
2.05564356246	1299	201.858499628	1.40918122719e+33
2.05095719799	1300	201.858499628	1.40918122719e+33
2.04627075678	1301	201.858499628	1.40918122719e+33
2.04158423903	1302	201.858499628	1.40918122719e+33
2.03689764498	1303	201.858499628	1.40918122719e+33
2.03221097484	1304	201.858499628	1.40918122719e+33
2.02752422882	1305	201.858499628	1.40918122719e+33
2.02283740717	1306	201.858499628	1.40918122719e+33
2.01815051009	1307	201.858499628	1.40918122719e+33
2.01346353781	1308	201.858499628	1.40918122719e+33
2.00877649057	1309	201.858499628	1.40918122719e+33
2.00408936858	1310	201.858499628	1.40918122719e+33
1.99940217207	1311	201.858499628	1.40918122719e+33
1.99471490128	1312	201.858499628	1.40918122719e+33
1.99002755643	1313	201.858499628	1.40918122719e+33
1.98534013776	1314	201.858499628	1.40918122719e+33
1.9806526455	1315	201.858499628	1.40918122719e+33
1.97596507988	1316	201.858499628	1.40918122719e+33
1.97127744115	1317	201.858499628	1.40918122719e+33
1.96658972953	1318	201.858499628	1.40918122719e+33
1.96190194527	1319	201.858499628	1.40918122719e+33
1.9572140886	1320	201.858499628	1.40918122719e+33
1.95252615976	1321	201.858499628	1.40918122719e+33
1.94783815901	1322	201.858499628	1.40918122719e+33
1.94315008658	1323	201.858499628	1.40918122719e+33
1.93846194271	1324	201.858499628	1.40918122719e+33
1.93377372765	1325	201.858499628	1.40918122719e+33
1.92908544166	1326	201.858499628	1.40918122719e+33
1.92439708497	1327	201.858499628	1.40918122719e+33
1.91970865784	1328	201.858499628	1.40918122719e+33
1.91502016052	1329	201.858499628	1.40918122719e+33
1.91033159326	1330	201.858499628	1.40918122719e+33
1.90564295632	1331	201.858499628	1.40918122719e+33
1.90095424995	1332	201.858499628	1.40918122719e+33
1.89626547441	1333	201.858499628	1.40918122719e+33
1.89157662995	1334	201.858499628	1.40918122719e+33
1.88688771685	1335	201.858499628	1.40918122719e+33
1.88219873535	1336	201.858499628	1.40918122719e+33
1.87750968573	1337	201.858499628	1.40918122719e+33
1.87282056824	1338	201.858499628	1.40918122719e+33
1.86813138315	1339	201.858499628	1.40918122719e+33
1.86344213073	1340	201.858499628	1.40918122719e+33
1.85875281125	1341	201.858499628	1.40918122719e+33
1.85406342498	1342	201.858499628	1.40918122719e+33
1.84937397218	1343	201.858499628	1.40918122719e+33
1.84468445314	1344	201.858499628	1.40918122719e+33
1.83999486813	1345	201.858499628	1.40918122719e+33
1.83530521742	1346	201.858499628	1.40918122719e+33
1.83061550129	1347	201.858499628	1.40918122719e+33
1.82592572002	1348	201.858499628	1.40918122719e+33
1.8212358739	1349	201.858499628	1.40918122719e+33
1.8165459632	1350	201.858499628	1.40918122719e+33
1.81185598821	1351	201.858499628	1.40918122719e+33
1.80716594922	1352	201.858499628	1.40918122719e+33
1.80247584651	1353	201.858499628	1.40918122719e+33
1.79778568037	1354	201.858499628	1.40918122719e+33
1.7930954511	1355	201.858499628	1.40918122719e+33
1.78840515898	1356	201.858499628	1.40918122719e+33
1.78371480431	1357	201.858499628	1.40918122719e+33
1.77902438739	1358	201.858499628	1.40918122719e+33
1.77433390852	1359	201.858499628	1.40918122719e+33
1.76964336799	1360	201.858499628	1.40918122719e+33
1.76495276611	1361	201.858499628	1.40918122719e+33
1.76026210317	1362	201.858499628	1.40918122719e+33
1.75557137949	1363	201.858499628	1.40918122719e+33
1.75088059537	1364	201.858499628	1.40918122719e+33
1.74618975113	1365	201.858499628	1.40918122719e+33
1.74149884706	1366	201.858499628	1.40918122719e+33
1.73680788348	1367	201.858499628	1.40918122719e+33
1.73211686071	1368	201.858499628	1.40918122719e+33
1.72742577907	1369	201.858499628	1.40918122719e+33
1.72273463886	1370	201.858499628	1.40918122719e+33
1.71804344042	1371	201.858499628	1.40918122719e+33
1.71335218406	1372	201.858499628	1.40918122719e+33
1.7086608701	1373	201.858499628	1.40918122719e+33
1.70396949888	1374	201.858499628	1.40918122719e+33
1.69927807072	1375	201.858499628	1.40918122719e+33
1.69458658594	1376	201.858499628	1.40918122719e+33
1.68989504489	1377	201.858499628	1.40918122719e+33
1.6852034479	1378	201.858499628	1.40918122719e+33
1.6805117953	1379	201.858499628	1.40918122719e+33
1.67582008742	1380	201.858499628	1.40918122719e+33
1.67112832462	1381	201.858499628	1.40918122719e+33
1.66643650723	1382	201.858499628	1.40918122719e+33
1.6617446356	1383	201.858499628	1.40918122719e+33
1.65705271007	1384	201.858499628	1.40918122719e+33
1.65236073099	1385	201.858499628	1.40918122719e+33
1.64766869871	1386	201.858499628	1.40918122719e+33
1.64297661359	1387	201.858499628	1.40918122719e+33
1.63828447598	1388	201.858499628	1.40918122719e+33
1.63359228624	1389	201.858499628	1.40918122719e+33
1.62890004473	1390	201.858499628	1.40918122719e+33
1.62420775181	1391	201.858499628	1.40918122719e+33
1.61951540784	1392	201.858499628	1.40918122719e+33
1.6148230132	1393	201.858499628	1.40918122719e+33
1.61013056825	1394	201.858499628	1.40918122719e+33
1.60543807336	1395	201.858499628	1.40918122719e+33
1.60074552891	1396	201.858499628	1.40918122719e+33
1.59605293527	1397	201.858499628	1.40918122719e+33
1.59136029283	1398	201.858499628	1.40918122719e+33
1.58666760196	1399	201.858499628	1.40918122719e+33
1.58197486304	1400	201.858499628	1.40918122719e+33
1.57728207647	1401	201.858499628	1.40918122719e+33
1.57258924264	1402	201.858499628	1.40918122719e+33
1.56789636193	1403	201.858499628	1.40918122719e+33
1.56320343473	1404	201.858499628	1.40918122719e+33
1.55851046145	1405	201.858499628	1.40918122719e+33
1.55381744249	1406	201.858499628	1.40918122719e+33
1.54912437824	1407	201.858499628	1.40918122719e+33
1.54443126912	1408	201.858499628	1.40918122719e+33
1.53973811552	1409	201.858499628	1.40918122719e+33
1.53504491786	1410	201.858499628	1.40918122719e+33
1.53035167656	1411	201.858499628	1.40918122719e+33
1.52565839202	1412	201.858499628	1.40918122719e+33
1.52096506466	1413	201.858499628	1.40918122719e+33
1.51627169492	1414	201.858499628	1.40918122719e+33
1.5115782832	1415	201.858499628	1.40918122719e+33
1.50688482995	1416	201.858499628	1.40918122719e+33
1.50219133558	1417	201.858499628	1.40918122719e+33
1.49749780054	1418	201.858499628	1.40918122719e+33
1.49280422525	1419	201.858499628	1.40918122719e+33
1.48811061017	1420	201.858499628	1.40918122719e+33
1.48341695572	1421	201.858499628	1.40918122719e+33
1.47872326236	1422	201.858499628	1.40918122719e+33
1.47402953053	1423	201.858499628	1.40918122719e+33
1.46933576068	1424	201.858499628	1.40918122719e+33
1.46464195327	1425	201.858499628	1.40918122719e+33
1.45994810877	1426	201.858499628	1.40918122719e+33
1.45525422762	1427	201.858499628	1.40918122719e+33
1.45056031029	1428	201.858499628	1.40918122719e+33
1.44586635726	1429	201.858499628	1.40918122719e+33
1.44117236898	1430	201.858499628	1.40918122719e+33
1.43647834595	1431	201.858499628	1.40918122719e+33
1.43178428863	1432	201.858499628	1.40918122719e+33
1.4270901975	1433	201.858499628	1.40918122719e+33
1.42239607306	1434	201.858499628	1.40918122719e+33
1.41770191578	1435	201.858499628	1.40918122719e+33
1.41300772617	1436	201.858499628	1.40918122719e+33
1.40831350472	1437	201.858499628	1.40918122719e+33
1.40361925192	1438	201.858499628	1.40918122719e+33
1.39892496828	1439	201.858499628	1.40918122719e+33
1.3942306543	1440	201.858499628	1.40918122719e+33
1.38953631051	1441	201.858499628	1.40918122719e+33
1.3848419374	1442	201.858499628	1.40918122719e+33
1.3801475355	1443	201.858499628	1.40918122719e+33
1.37545310533	1444	201.858499628	1.40918122719e+33
1.37075864742	1445	201.858499628	1.40918122719e+33
1.3660641623	1446	201.858499628	1.40918122719e+33
1.3613696505	1447	201.858499628	1.40918122719e+33
1.35667511255	1448	201.858499628	1.40918122719e+33
1.351980549	1449	201.858499628	1.40918122719e+33
1.3472859604	1450	201.858499628	1.40918122719e+33
1.3425913473	1451	201.858499628	1.40918122719e+33
1.33789671025	1452	201.858499628	1.40918122719e+33
1.33320204981	1453	201.858499628	1.40918122719e+33
1.32850736654	1454	201.858499628	1.40918122719e+33
1.32381266101	1455	201.858499628	1.40918122719e+33
1.3191179338	1456	201.858499628	1.40918122719e+33
1.31442318547	1457	201.858499628	1.40918122719e+33
1.30972841662	1458	201.858499628	1.40918122719e+33
1.30503362782	1459	201.858499628	1.40918122719e+33
1.30033881967	1460	201.858499628	1.40918122719e+33
1.29564399275	1461	201.858499628	1.40918122719e+33
1.29094914768	1462	201.858499628	1.40918122719e+33
1.28625428506	1463	201.858499628	1.40918122719e+33
1.28155940549	1464	201.858499628	1.40918122719e+33
1.27686450959	1465	201.858499628	1.40918122719e+33
1.27216959798	1466	201.858499628	1.40918122719e+33
1.26747467128	1467	201.858499628	1.40918122719e+33
1.26277973012	1468	201.858499628	1.40918122719e+33
1.25808477514	1469	201.858499628	1.40918122719e+33
1.25338980697	1470	201.858499628	1.40918122719e+33
1.24869482627	1471	201.858499628	1.40918122719e+33
1.24399983368	1472	201.858499628	1.40918122719e+33
1.23930482985	1473	201.858499628	1.40918122719e+33
1.23460981546	1474	201.858499628	1.40918122719e+33
1.22991479115	1475	201.858499628	1.40918122719e+33
1.22521975762	1476	201.858499628	1.40918122719e+33
1.22052471553	1477	201.858499628	1.40918122719e+33
1.21582966557	1478	201.858499628	1.40918122719e+33
1.21113460843	1479	201.858499628	1.40918122719e+33
1.20643954481	1480	201.858499628	1.40918122719e+33
1.2017444754	1481	201.858499628	1.40918122719e+33
1.19704940091	1482	201.858499628	1.40918122719e+33
1.19235432206	1483	201.858499628	1.40918122719e+33
1.18765923956	1484	201.858499628	1.40918122719e+33
1.18296415415	1485	201.858499628	1.40918122719e+33
1.17826906655	1486	201.858499628	1.40918122719e+33
1.17357397751	1487	201.858499628	1.40918122719e+33
1.16887888776	1488	201.858499628	1.40918122719e+33
1.16418379806	1489	201.858499628	1.40918122719e+33
1.15948870918	1490	201.858499628	1.40918122719e+33
1.15479362186	1491	201.858499628	1.40918122719e+33
1.15009853689	1492	201.858499628	1.40918122719e+33
1.14540345505	1493	201.858499628	1.40918122719e+33
1.14070837712	1494	201.858499628	1.40918122719e+33
1.13601330389	1495	201.858499628	1.40918122719e+33
1.13131823616	1496	201.858499628	1.40918122719e+33
1.12662317475	1497	201.858499628	1.40918122719e+33
1.12192812046	1498	201.858499628	1.40918122719e+33
1.11723307412	1499	201.858499628	1.40918122719e+33
1.11253803657	1500	201.858499628	1.40918122719e+33
1.10784300863	1501	201.858499628	1.40918122719e+33
1.10314799115	1502	201.858499628	1.40918122719e+33
1.09845298499	1503	201.858499628	1.40918122719e+33
1.09375799101	1504	201.858499628	1.40918122719e+33
1.08906301007	1505	201.858499628	1.40918122719e+33
1.08436804306	1506	201.858499628	1.40918122719e+33
1.07967309086	1507	201.858499628	1.40918122719e+33
1.07497815437	1508	201.858499628	1.40918122719e+33
1.07028323449	1509	201.858499628	1.40918122719e+33
1.06558833214	1510	201.858499628	1.40918122719e+33
1.06089344822	1511	201.858499628	1.40918122719e+33
1.05619858368	1512	201.858499628	1.40918122719e+33
1.05150373945	1513	201.858499628	1.40918122719e+33
1.04680891648	1514	201.858499628	1.40918122719e+33
1.04211411573	1515	201.858499628	1.40918122719e+33
1.03741933816	1516	201.858499628	1.40918122719e+33
1.03272458476	1517	201.858499628	1.40918122719e+33
1.0280298565	1518	201.858499628	1.40918122719e+33
1.02333515439	1519	201.858499628	1.40918122719e+33
1.01864047943	1520	201.858499628	1.40918122719e+33
1.01394583264	1521	201.858499628	1.40918122719e+33
1.00925121504	1522	201.858499628	1.40918122719e+33
1.00455662767	1523	201.858499628	1.40918122719e+33
0.999862071583	1524	201.858499628	1.40918122719e+33
0.995167547835	1525	201.858499628	1.40918122719e+33
0.990473057496	1526	201.858499628	1.40918122719e+33
0.985778601646	1527	201.858499628	1.40918122719e+33
0.98108418138	1528	201.858499628	1.40918122719e+33
0.976389797799	1529	201.858499628	1.40918122719e+33
0.971695452021	1530	201.858499628	1.40918122719e+33
0.967001145173	1531	201.858499628	1.40918122719e+33
0.962306878393	1532	201.858499628	1.40918122719e+33
0.957612652835	1533	201.858499628	1.40918122719e+33
0.952918469661	1534	201.858499628	1.40918122719e+33
0.94822433005	1535	201.858499628	1.40918122719e+33
0.94353023519	1536	201.858499628	1.40918122719e+33
0.938836186284	1537	201.858499628	1.40918122719e+33
0.934142184548	1538	201.858499628	1.40918122719e+33
0.929448231211	1539	201.858499628	1.40918122719e+33
0.924754327517	1540	201.858499628	1.40918122719e+33
0.920060474723	1541	201.858499628	1.40918122719e+33
0.915366674099	1542	201.858499628	1.40918122719e+33
0.910672926931	1543	201.858499628	1.40918122719e+33
0.905979234518	1544	201.858499628	1.40918122719e+33
0.901285598176	1545	201.858499628	1.40918122719e+33
0.896592019235	1546	201.858499628	1.40918122719e+33
0.89189849904	1547	201.858499628	1.40918122719e+33
0.887205038951	1548	201.858499628	1.40918122719e+33
0.882511640345	1549	201.858499628	1.40918122719e+33
0.877818304616	1550	201.858499628	1.40918122719e+33
0.873125033172	1551	201.858499628	1.40918122719e+33
0.86843182744	1552	201.858499628	1.40918122719e+33
0.863738688862	1553	201.858499628	1.40918122719e+33
0.859045618898	1554	201.858499628	1.40918122719e+33
0.854352619026	1555	201.858499628	1.40918122719e+33
0.849659690743	1556	201.858499628	1.40918122719e+33
0.844966835561	1557	201.858499628	1.40918122719e+33
0.840274055014	1558	201.858499628	1.40918122719e+33
0.835581350653	1559	201.858499628	1.40918122719e+33
0.830888724047	1560	201.858499628	1.40918122719e+33
0.826196176788	1561	201.858499628	1.40918122719e+33
0.821503710486	1562	201.858499628	1.40918122719e+33
0.81681132677	1563	201.858499628	1.40918122719e+33
0.812119027292	1564	201.858499628	1.40918122719e+33
0.807426813724	1565	201.858499628	1.40918122719e+33
0.802734687759	1566	201.858499628	1.40918122719e+33
0.798042651113	1567	201.858499628	1.40918122719e+33
0.793350705523	1568	201.858499628	1.40918122719e+33
0.78865885275	1569	201.858499628	1.40918122719e+33
0.783967094577	1570	201.858499628	1.40918122719e+33
0.779275432811	1571	201.858499628	1.40918122719e+33
0.774583869283	1572	201.858499628	1.40918122719e+33
0.769892405849	1573	201.858499628	1.40918122719e+33
0.765201044389	1574	201.858499628	1.40918122719e+33
0.76050978681	1575	201.858499628	1.40918122719e+33
0.755818635044	1576	201.858499628	1.40918122719e+33
0.751127591048	1577	201.858499628	1.40918122719e+33
0.746436656809	1578	201.858499628	1.40918122719e+33
0.74174583434	1579	201.858499628	1.40918122719e+33
0.737055125683	1580	201.858499628	1.40918122719e+33
0.732364532906	1581	201.858499628	1.40918122719e+33
0.727674058111	1582	201.858499628	1.40918122719e+33
0.722983703426	1583	201.858499628	1.40918122719e+33
0.718293471011	1584	201.858499628	1.40918122719e+33
0.713603363057	1585	201.858499628	1.40918122719e+33
0.708913381789	1586	201.858499628	1.40918122719e+33
0.70422352946	1587	201.858499628	1.40918122719e+33
0.699533808361	1588	201.858499628	1.40918122719e+33
0.694844220814	1589	201.858499628	1.40918122719e+33
0.690154769177	1590	201.858499628	1.40918122719e+33
0.685465455844	1591	201.858499628	1.40918122719e+33
0.680776283243	1592	201.858499628	1.40918122719e+33
0.676087253842	1593	201.858499628	1.40918122719e+33
0.671398370146	1594	201.858499628	1.40918122719e+33
0.666709634697	1595	201.858499628	1.40918122719e+33
0.662021050078	1596	201.858499628	1.40918122719e+33
0.657332618915	1597	201.858499628	1.40918122719e+33
0.652644343871	1598	201.858499628	1.40918122719e+33
0.647956227655	1599	201.858499628	1.40918122719e+33
0.643268273018	1600	201.858499628	1.40918122719e+33
0.638580482756	1601	201.858499628	1.40918122719e+33
0.63389285971	1602	201.858499628	1.40918122719e+33
0.62920540677	1603	201.858499628	1.40918122719e+33
0.62451812687	1604	201.858499628	1.40918122719e+33
0.619831022997	1605	201.858499628	1.40918122719e+33
0.615144098185	1606	201.858499628	1.40918122719e+33
0.610457355521	1607	201.858499628	1.40918122719e+33
0.605770798146	1608	201.858499628	1.40918122719e+33
0.601084429252	1609	201.858499628	1.40918122719e+33
0.596398252089	1610	201.858499628	1.40918122719e+33
0.591712269963	1611	201.858499628	1.40918122719e+33
0.587026486239	1612	201.858499628	1.40918122719e+33
0.58234090434	1613	201.858499628	1.40918122719e+33
0.577655527753	1614	201.858499628	1.40918122719e+33
0.572970360026	1615	201.858499628	1.40918122719e+33
0.568285404773	1616	201.858499628	1.40918122719e+33
0.563600665675	1617	201.858499628	1.40918122719e+33
0.558916146479	1618	201.858499628	1.40918122719e+33
0.554231851005	1619	201.858499628	1.40918122719e+33
0.549547783144	1620	201.858499628	1.40918122719e+33
0.54486394686	1621	201.858499628	1.40918122719e+33
0.540180346194	1622	201.858499628	1.40918122719e+33
0.535496985267	1623	201.858499628	1.40918122719e+33
0.530813868278	1624	201.858499628	1.40918122719e+33
0.526130999511	1625	201.858499628	1.40918122719e+33
0.521448383335	1626	201.858499628	1.40918122719e+33
0.516766024207	1627	201.858499628	1.40918122719e+33
0.512083926672	1628	201.858499628	1.40918122719e+33
0.507402095373	1629	201.858499628	1.40918122719e+33
0.502720535045	1630	201.858499628	1.40918122719e+33
0.498039250524	1631	201.858499628	1.40918122719e+33
0.493358246748	1632	201.858499628	1.40918122719e+33
0.48867752876	1633	201.858499628	1.40918122719e+33
0.483997101711	1634	201.858499628	1.40918122719e+33
0.479316970864	1635	201.858499628	1.40918122719e+33
0.4746371416	1636	201.858499628	1.40918122719e+33
0.469957619416	1637	201.858499628	1.40918122719e+33
0.465278409935	1638	201.858499628	1.40918122719e+33
0.460599518906	1639	201.858499628	1.40918122719e+33
0.455920952209	1640	201.858499628	1.40918122719e+33
0.451242715863	1641	201.858499628	1.40918122719e+33
0.446564816026	1642	201.858499628	1.40918122719e+33
0.441887259	1643	201.858499628	1.40918122719e+33
0.437210051241	1644	201.858499628	1.40918122719e+33
0.432533199358	1645	201.858499628	1.40918122719e+33
0.427856710126	1646	201.858499628	1.40918122719e+33
0.423180590482	1647	201.858499628	1.40918122719e+33
0.418504847541	1648	201.858499628	1.40918122719e+33
0.413829488597	1649	201.858499628	1.40918122719e+33
0.409154521129	1650	201.858499628	1.40918122719e+33
0.404479952813	1651	201.858499628	1.40918122719e+33
0.399805791524	1652	201.858499628	1.40918122719e+33
0.395132045347	1653	201.858499628	1.40918122719e+33
0.390458722585	1654	201.858499628	1.40918122719e+33
0.385785831765	1655	201.858499628	1.40918122719e+33
0.381113381653	1656	201.858499628	1.40918122719e+33
0.376441381256	1657	201.858499628	1.40918122719e+33
0.371769839837	1658	201.858499628	1.40918122719e+33
0.367098766927	1659	201.858499628	1.40918122719e+33
0.362428172329	1660	201.858499628	1.40918122719e+33
0.35775806614	1661	201.858499628	1.40918122719e+33
0.353088458754	1662	201.858499628	1.40918122719e+33
0.348419360883	1663	201.858499628	1.40918122719e+33
0.343750783565	1664	201.858499628	1.40918122719e+33
0.339082738183	1665	201.858499628	1.40918122719e+33
0.334415236481	1666	201.858499628	1.40918122719e+33
0.329748290576	1667	201.858499628	1.40918122719e+33
0.325081912982	1668	201.858499628	1.40918122719e+33
0.320416116625	1669	201.858499628	1.40918122719e+33
0.315750914864	1670	201.858499628	1.40918122719e+33
0.311086321513	1671	201.858499628	1.40918122719e+33
0.306422350866	1672	201.858499628	1.40918122719e+33
0.301759017715	1673	201.858499628	1.40918122719e+33
0.297096337385	1674	201.858499628	1.40918122719e+33
0.292434325754	1675	201.858499628	1.40918122719e+33
0.287772999288	1676	201.858499628	1.40918122719e+33
0.28311237507	1677	201.858499628	1.40918122719e+33
0.278452470837	1678	201.858499628	1.40918122719e+33
0.273793305015	1679	201.858499628	1.40918122719e+33
0.26913489676	1680	201.858499628	1.40918122719e+33
0.264477265999	1681	201.858499628	1.40918122719e+33
0.259820433477	1682	201.858499628	1.40918122719e+33
0.255164420809	1683	201.858499628	1.40918122719e+33
0.250509250529	1684	201.858499628	1.40918122719e+33
0.245854946153	1685	201.858499628	1.40918122719e+33
0.241201532239	1686	201.858499628	1.40918122719e+33
0.236549034457	1687	201.858499628	1.40918122719e+33
0.231897479661	1688	201.858499628	1.40918122719e+33
0.227246895976	1689	201.858499628	1.40918122719e+33
0.222597312879	1690	201.858499628	1.40918122719e+33
0.217948761301	1691	201.858499628	1.40918122719e+33
0.213301273733	1692	201.858499628	1.40918122719e+33
0.208654884337	1693	201.858499628	1.40918122719e+33
0.204009629082	1694	201.858499628	1.40918122719e+33
0.199365545878	1695	201.858499628	1.40918122719e+33
0.194722674734	1696	201.858499628	1.40918122719e+33
0.190081057932	1697	201.858499628	1.40918122719e+33
0.185440740214	1698	201.858499628	1.40918122719e+33
0.180801768999	1699	201.858499628	1.40918122719e+33
0.176164194616	1700	201.858499628	1.40918122719e+33
0.17152807057	1701	201.858499628	1.40918122719e+33
0.166893453842	1702	201.858499628	1.40918122719e+33
0.162260405218	1703	201.858499628	1.40918122719e+33
0.15762898967	1704	201.858499628	1.40918122719e+33
0.15299927678	1705	201.858499628	1.40918122719e+33
0.148371341227	1706	201.858499628	1.40918122719e+33
0.143745263341	1707	201.858499628	1.40918122719e+33
0.139121129734	1708	201.858499628	1.40918122719e+33
0.13449903403	1709	201.858499628	1.40918122719e+33
0.12987907771	1710	201.858499628	1.40918122719e+33
0.125261371082	1711	201.858499628	1.40918122719e+33
0.120646034429	1712	201.858499628	1.40918122719e+33
0.116033199344	1713	201.858499628	1.40918122719e+33
0.111423010307	1714	201.858499628	1.40918122719e+33
0.106815626563	1715	201.858499628	1.40918122719e+33
