4.25	 0	0.61217662289	7.5483867728e+24
4.24991685074	 1	2.47933326407	5.01451162842e+26
4.24958018368	 2	10.0410315026	3.33087941154e+28
4.24822259693	 3	40.6216662731	2.20544952595e+30
4.24309129648	 4	161.27961977	1.38026474056e+32
4.23670870783	 5	161.27961977	1.38026474056e+32
4.2303236363	 6	161.27961977	1.38026474056e+32
4.22393607337	 7	161.27961977	1.38026474056e+32
4.21754601045	 8	161.27961977	1.38026474056e+32
4.2111534389	 9	161.27961977	1.38026474056e+32
4.20475835007	10	161.27961977	1.38026474056e+32
4.19836073523	11	161.27961977	1.38026474056e+32
4.19196058563	12	161.27961977	1.38026474056e+32
4.18555789246	13	161.27961977	1.38026474056e+32
4.17915264687	14	161.27961977	1.38026474056e+32
4.17274483997	15	161.27961977	1.38026474056e+32
4.16633446283	16	161.27961977	1.38026474056e+32
4.15992150645	17	161.27961977	1.38026474056e+32
4.15350596181	18	161.27961977	1.38026474056e+32
4.14708781982	19	161.27961977	1.38026474056e+32
4.14066707137	20	161.27961977	1.38026474056e+32
4.13424370728	21	161.27961977	1.38026474056e+32
4.12781771833	22	161.27961977	1.38026474056e+32
4.12138909526	23	161.27961977	1.38026474056e+32
4.11495782875	24	161.27961977	1.38026474056e+32
4.10863424659	25	161.27961977	1.38026474056e+32
4.10226788731	26	161.27961977	1.38026474056e+32
4.09591740866	27	161.27961977	1.38026474056e+32
4.08955983992	28	161.27961977	1.38026474056e+32
4.08320416809	29	161.27961977	1.38026474056e+32
4.07684687285	30	161.27961977	1.38026474056e+32
4.07048933352	31	161.27961977	1.38026474056e+32
4.06413100918	32	161.27961977	1.38026474056e+32
4.05777211197	33	161.27961977	1.38026474056e+32
4.05141255853	34	161.27961977	1.38026474056e+32
4.04505238151	35	161.27961977	1.38026474056e+32
4.03869156802	36	161.27961977	1.38026474056e+32
4.03233012303	37	161.27961977	1.38026474056e+32
4.02596804452	38	161.27961977	1.38026474056e+32
4.0196053332	39	161.27961977	1.38026474056e+32
4.01324198872	40	161.27961977	1.38026474056e+32
4.00687801115	41	161.27961977	1.38026474056e+32
4.00051340037	42	161.27961977	1.38026474056e+32
3.99414815636	43	161.27961977	1.38026474056e+32
3.98778227905	44	161.27961977	1.38026474056e+32
3.9814157684	45	161.27961977	1.38026474056e+32
3.97504862436	46	161.27961977	1.38026474056e+32
3.96868084687	47	161.27961977	1.38026474056e+32
3.96231243588	48	161.27961977	1.38026474056e+32
3.95594339134	49	161.27961977	1.38026474056e+32
3.94957371321	50	161.27961977	1.38026474056e+32
3.94320340143	51	161.27961977	1.38026474056e+32
3.93683245596	52	161.27961977	1.38026474056e+32
3.93046087674	53	161.27961977	1.38026474056e+32
3.92408866373	54	161.27961977	1.38026474056e+32
3.91771581689	55	161.27961977	1.38026474056e+32
3.91134233617	56	161.27961977	1.38026474056e+32
3.90496822151	57	161.27961977	1.38026474056e+32
3.89859347288	58	161.27961977	1.38026474056e+32
3.89221809024	59	161.27961977	1.38026474056e+32
3.88584207353	60	161.27961977	1.38026474056e+32
3.87946542271	61	161.27961977	1.38026474056e+32
3.87308813774	62	161.27961977	1.38026474056e+32
3.86671021859	63	161.27961977	1.38026474056e+32
3.8603316652	64	161.27961977	1.38026474056e+32
3.85395247753	65	161.27961977	1.38026474056e+32
3.84757265555	66	161.27961977	1.38026474056e+32
3.84119219922	67	161.27961977	1.38026474056e+32
3.83481110848	68	161.27961977	1.38026474056e+32
3.82842938332	69	161.27961977	1.38026474056e+32
3.82204702368	70	161.27961977	1.38026474056e+32
3.81566402954	71	161.27961977	1.38026474056e+32
3.80928040085	72	161.27961977	1.38026474056e+32
3.80289613757	73	161.27961977	1.38026474056e+32
3.79651123967	74	161.27961977	1.38026474056e+32
3.79012570712	75	161.27961977	1.38026474056e+32
3.78373953989	76	161.27961977	1.38026474056e+32
3.77735273792	77	161.27961977	1.38026474056e+32
3.77096530121	78	161.27961977	1.38026474056e+32
3.7645772297	79	161.27961977	1.38026474056e+32
3.75818852337	80	161.27961977	1.38026474056e+32
3.75179918218	81	161.27961977	1.38026474056e+32
3.74540920612	82	161.27961977	1.38026474056e+32
3.73901859514	83	161.27961977	1.38026474056e+32
3.73262734921	84	161.27961977	1.38026474056e+32
3.72623546831	85	161.27961977	1.38026474056e+32
3.71984295241	86	161.27961977	1.38026474056e+32
3.71344980148	87	161.27961977	1.38026474056e+32
3.7070560155	88	161.27961977	1.38026474056e+32
3.70066159443	89	161.27961977	1.38026474056e+32
3.69426653826	90	161.27961977	1.38026474056e+32
3.68787084695	91	161.27961977	1.38026474056e+32
3.68147452048	92	161.27961977	1.38026474056e+32
3.67507755883	93	161.27961977	1.38026474056e+32
3.66867996198	94	161.27961977	1.38026474056e+32
3.66228172991	95	161.27961977	1.38026474056e+32
3.65588286258	96	161.27961977	1.38026474056e+32
3.64948335999	97	161.27961977	1.38026474056e+32
3.6430832221	98	161.27961977	1.38026474056e+32
3.63668244891	99	161.27961977	1.38026474056e+32
3.63028104039	100	161.27961977	1.38026474056e+32
3.62387899652	101	161.27961977	1.38026474056e+32
3.61747631729	102	161.27961977	1.38026474056e+32
3.61107300269	103	161.27961977	1.38026474056e+32
3.60466905268	104	161.27961977	1.38026474056e+32
3.59826446727	105	161.27961977	1.38026474056e+32
3.59185924643	106	161.27961977	1.38026474056e+32
3.58545339015	107	161.27961977	1.38026474056e+32
3.57904689841	108	161.27961977	1.38026474056e+32
3.57263977122	109	161.27961977	1.38026474056e+32
3.56623200854	110	161.27961977	1.38026474056e+32
3.55982361038	111	161.27961977	1.38026474056e+32
3.55341457673	112	161.27961977	1.38026474056e+32
3.54700490756	113	161.27961977	1.38026474056e+32
3.54059460289	114	161.27961977	1.38026474056e+32
3.53418366269	115	161.27961977	1.38026474056e+32
3.52777208696	116	161.27961977	1.38026474056e+32
3.52135987569	117	161.27961977	1.38026474056e+32
3.51494702889	118	161.27961977	1.38026474056e+32
3.50853354654	119	161.27961977	1.38026474056e+32
3.50211942864	120	161.27961977	1.38026474056e+32
3.49570467518	121	161.27961977	1.38026474056e+32
3.48928928618	122	161.27961977	1.38026474056e+32
3.48287326161	123	161.27961977	1.38026474056e+32
3.47645660149	124	161.27961977	1.38026474056e+32
3.47003930582	125	161.27961977	1.38026474056e+32
3.46362137459	126	161.27961977	1.38026474056e+32
3.4572028078	127	161.27961977	1.38026474056e+32
3.45078360547	128	161.27961977	1.38026474056e+32
3.44436376759	129	161.27961977	1.38026474056e+32
3.43794329417	130	161.27961977	1.38026474056e+32
3.4315221852	131	161.27961977	1.38026474056e+32
3.42510044071	132	161.27961977	1.38026474056e+32
3.4186780607	133	161.27961977	1.38026474056e+32
3.41225504516	134	161.27961977	1.38026474056e+32
3.40583139412	135	161.27961977	1.38026474056e+32
3.39940710759	136	161.27961977	1.38026474056e+32
3.39298218556	137	161.27961977	1.38026474056e+32
3.38655662806	138	161.27961977	1.38026474056e+32
3.3801304351	139	161.27961977	1.38026474056e+32
3.37370360668	140	161.27961977	1.38026474056e+32
3.36727614283	141	161.27961977	1.38026474056e+32
3.36084804355	142	161.27961977	1.38026474056e+32
3.35441930887	143	161.27961977	1.38026474056e+32
3.34798993881	144	161.27961977	1.38026474056e+32
3.34155993337	145	161.27961977	1.38026474056e+32
3.33512929257	146	161.27961977	1.38026474056e+32
3.32869801645	147	161.27961977	1.38026474056e+32
3.32226610501	148	161.27961977	1.38026474056e+32
3.31583355828	149	161.27961977	1.38026474056e+32
3.30940037629	150	161.27961977	1.38026474056e+32
3.30296655904	151	161.27961977	1.38026474056e+32
3.29653210658	152	161.27961977	1.38026474056e+32
3.29009701892	153	161.27961977	1.38026474056e+32
3.2836612961	154	161.27961977	1.38026474056e+32
3.27722493813	155	161.27961977	1.38026474056e+32
3.27078794505	156	161.27961977	1.38026474056e+32
3.26435031689	157	161.27961977	1.38026474056e+32
3.25791205367	158	161.27961977	1.38026474056e+32
3.25147315543	159	161.27961977	1.38026474056e+32
3.2450336222	160	161.27961977	1.38026474056e+32
3.23859345401	161	161.27961977	1.38026474056e+32
3.2321526509	162	161.27961977	1.38026474056e+32
3.22571121291	163	161.27961977	1.38026474056e+32
3.21926914006	164	161.27961977	1.38026474056e+32
3.21282643241	165	161.27961977	1.38026474056e+32
3.20638308998	166	161.27961977	1.38026474056e+32
3.19993911281	167	161.27961977	1.38026474056e+32
3.19349450095	168	161.27961977	1.38026474056e+32
3.18704925444	169	161.27961977	1.38026474056e+32
3.18060337333	170	161.27961977	1.38026474056e+32
3.17415685764	171	161.27961977	1.38026474056e+32
3.16770970744	172	161.27961977	1.38026474056e+32
3.16126192277	173	161.27961977	1.38026474056e+32
3.15481350367	174	161.27961977	1.38026474056e+32
3.14836445019	175	161.27961977	1.38026474056e+32
3.14191476239	176	161.27961977	1.38026474056e+32
3.13546444031	177	161.27961977	1.38026474056e+32
3.129013484	178	161.27961977	1.38026474056e+32
3.12256189352	179	161.27961977	1.38026474056e+32
3.11610966893	180	161.27961977	1.38026474056e+32
3.10965681027	181	161.27961977	1.38026474056e+32
3.10320331761	182	161.27961977	1.38026474056e+32
3.096749191	183	161.27961977	1.38026474056e+32
3.0902944305	184	161.27961977	1.38026474056e+32
3.08383903617	185	161.27961977	1.38026474056e+32
3.07738300808	186	161.27961977	1.38026474056e+32
3.07092634628	187	161.27961977	1.38026474056e+32
3.06446905084	188	161.27961977	1.38026474056e+32
3.05801112182	189	161.27961977	1.38026474056e+32
3.0515525593	190	161.27961977	1.38026474056e+32
3.04509336333	191	161.27961977	1.38026474056e+32
3.03863353399	192	161.27961977	1.38026474056e+32
3.03217307135	193	161.27961977	1.38026474056e+32
3.02571197548	194	161.27961977	1.38026474056e+32
3.01925024645	195	161.27961977	1.38026474056e+32
3.01278788433	196	161.27961977	1.38026474056e+32
3.0063248892	197	161.27961977	1.38026474056e+32
2.99986126114	198	161.27961977	1.38026474056e+32
2.99339700023	199	161.27961977	1.38026474056e+32
2.98693210653	200	161.27961977	1.38026474056e+32
2.98046658015	201	161.27961977	1.38026474056e+32
2.97400042115	202	161.27961977	1.38026474056e+32
2.96753362962	203	161.27961977	1.38026474056e+32
2.96106620564	204	161.27961977	1.38026474056e+32
2.95459814931	205	161.27961977	1.38026474056e+32
2.9481294607	206	161.27961977	1.38026474056e+32
2.94166013991	207	161.27961977	1.38026474056e+32
2.93519018703	208	161.27961977	1.38026474056e+32
2.92871960214	209	161.27961977	1.38026474056e+32
2.92224838535	210	161.27961977	1.38026474056e+32
2.91577653675	211	161.27961977	1.38026474056e+32
2.90930405642	212	161.27961977	1.38026474056e+32
2.90283094448	213	161.27961977	1.38026474056e+32
2.89635720102	214	161.27961977	1.38026474056e+32
2.88988282613	215	161.27961977	1.38026474056e+32
2.88340781992	216	161.27961977	1.38026474056e+32
2.8769321825	217	161.27961977	1.38026474056e+32
2.87045591397	218	161.27961977	1.38026474056e+32
2.86397901444	219	161.27961977	1.38026474056e+32
2.85750148401	220	161.27961977	1.38026474056e+32
2.85102332279	221	161.27961977	1.38026474056e+32
2.84454453089	222	161.27961977	1.38026474056e+32
2.83806510843	223	161.27961977	1.38026474056e+32
2.83158505553	224	161.27961977	1.38026474056e+32
2.82510437229	225	161.27961977	1.38026474056e+32
2.81862305883	226	161.27961977	1.38026474056e+32
2.81214111528	227	161.27961977	1.38026474056e+32
2.80565854175	228	161.27961977	1.38026474056e+32
2.79917533837	229	161.27961977	1.38026474056e+32
2.79269150526	230	161.27961977	1.38026474056e+32
2.78620704255	231	161.27961977	1.38026474056e+32
2.77972195035	232	161.27961977	1.38026474056e+32
2.77323622881	233	161.27961977	1.38026474056e+32
2.76674987806	234	161.27961977	1.38026474056e+32
2.76026289822	235	161.27961977	1.38026474056e+32
2.75377528942	236	161.27961977	1.38026474056e+32
2.74728705182	237	161.27961977	1.38026474056e+32
2.74079818553	238	161.27961977	1.38026474056e+32
2.73430869071	239	161.27961977	1.38026474056e+32
2.72781856749	240	161.27961977	1.38026474056e+32
2.72132781602	241	161.27961977	1.38026474056e+32
2.71483643644	242	161.27961977	1.38026474056e+32
2.7083444289	243	161.27961977	1.38026474056e+32
2.70185179354	244	161.27961977	1.38026474056e+32
2.69535853052	245	161.27961977	1.38026474056e+32
2.68886463999	246	161.27961977	1.38026474056e+32
2.68237012211	247	161.27961977	1.38026474056e+32
2.67587497702	248	161.27961977	1.38026474056e+32
2.66937920488	249	161.27961977	1.38026474056e+32
2.66288280587	250	161.27961977	1.38026474056e+32
2.65638578013	251	161.27961977	1.38026474056e+32
2.64988812784	252	161.27961977	1.38026474056e+32
2.64338984915	253	161.27961977	1.38026474056e+32
2.63689094423	254	161.27961977	1.38026474056e+32
2.63039141326	255	161.27961977	1.38026474056e+32
2.62389125641	256	161.27961977	1.38026474056e+32
2.61739047385	257	161.27961977	1.38026474056e+32
2.61088906575	258	161.27961977	1.38026474056e+32
2.6043870323	259	161.27961977	1.38026474056e+32
2.59788437367	260	161.27961977	1.38026474056e+32
2.59138109004	261	161.27961977	1.38026474056e+32
2.58487718161	262	161.27961977	1.38026474056e+32
2.57837264855	263	161.27961977	1.38026474056e+32
2.57186749105	264	161.27961977	1.38026474056e+32
2.56536170931	265	161.27961977	1.38026474056e+32
2.55885530351	266	161.27961977	1.38026474056e+32
2.55234827386	267	161.27961977	1.38026474056e+32
2.54584062055	268	161.27961977	1.38026474056e+32
2.53933234377	269	161.27961977	1.38026474056e+32
2.53282344373	270	161.27961977	1.38026474056e+32
2.52631392064	271	161.27961977	1.38026474056e+32
2.5198037747	272	161.27961977	1.38026474056e+32
2.51329300612	273	161.27961977	1.38026474056e+32
2.5067816151	274	161.27961977	1.38026474056e+32
2.50026960187	275	161.27961977	1.38026474056e+32
2.49375696664	276	161.27961977	1.38026474056e+32
2.48724370962	277	161.27961977	1.38026474056e+32
2.48072983104	278	161.27961977	1.38026474056e+32
2.47421533112	279	161.27961977	1.38026474056e+32
2.46770021009	280	161.27961977	1.38026474056e+32
2.46118446816	281	161.27961977	1.38026474056e+32
2.45466810558	282	161.27961977	1.38026474056e+32
2.44815112257	283	161.27961977	1.38026474056e+32
2.44163351937	284	161.27961977	1.38026474056e+32
2.43511529623	285	161.27961977	1.38026474056e+32
2.42859645336	286	161.27961977	1.38026474056e+32
2.42207699104	287	161.27961977	1.38026474056e+32
2.41555690948	288	161.27961977	1.38026474056e+32
2.40903620896	289	161.27961977	1.38026474056e+32
2.4025148897	290	161.27961977	1.38026474056e+32
2.39599295198	291	161.27961977	1.38026474056e+32
2.38947039605	292	161.27961977	1.38026474056e+32
2.38294722216	293	161.27961977	1.38026474056e+32
2.37642343057	294	161.27961977	1.38026474056e+32
2.36989902156	295	161.27961977	1.38026474056e+32
2.36337399539	296	161.27961977	1.38026474056e+32
2.35684835232	297	161.27961977	1.38026474056e+32
2.35032209264	298	161.27961977	1.38026474056e+32
2.34379521662	299	161.27961977	1.38026474056e+32
2.33726772453	300	161.27961977	1.38026474056e+32
2.33073961666	301	161.27961977	1.38026474056e+32
2.3242108933	302	161.27961977	1.38026474056e+32
2.31768155473	303	161.27961977	1.38026474056e+32
2.31115160124	304	161.27961977	1.38026474056e+32
2.30462103312	305	161.27961977	1.38026474056e+32
2.29808985068	306	161.27961977	1.38026474056e+32
2.29155805422	307	161.27961977	1.38026474056e+32
2.28502564403	308	161.27961977	1.38026474056e+32
2.27849262042	309	161.27961977	1.38026474056e+32
2.2719589837	310	161.27961977	1.38026474056e+32
2.26542473419	311	161.27961977	1.38026474056e+32
2.2588898722	312	161.27961977	1.38026474056e+32
2.25235439805	313	161.27961977	1.38026474056e+32
2.24581831206	314	161.27961977	1.38026474056e+32
2.23928161456	315	161.27961977	1.38026474056e+32
2.23274430588	316	161.27961977	1.38026474056e+32
2.22620638635	317	161.27961977	1.38026474056e+32
2.2196678563	318	161.27961977	1.38026474056e+32
2.21312871608	319	161.27961977	1.38026474056e+32
2.20658896603	320	161.27961977	1.38026474056e+32
2.2000486065	321	161.27961977	1.38026474056e+32
2.19350763783	322	161.27961977	1.38026474056e+32
2.18696606038	323	161.27961977	1.38026474056e+32
2.18042387451	324	161.27961977	1.38026474056e+32
2.17388108058	325	161.27961977	1.38026474056e+32
2.16733767894	326	161.27961977	1.38026474056e+32
2.16079366998	327	161.27961977	1.38026474056e+32
2.15424905407	328	161.27961977	1.38026474056e+32
2.14770383157	329	161.27961977	1.38026474056e+32
2.14115800287	330	161.27961977	1.38026474056e+32
2.13461156835	331	161.27961977	1.38026474056e+32
2.12806452841	332	161.27961977	1.38026474056e+32
2.12151688343	333	161.27961977	1.38026474056e+32
2.1149686338	334	161.27961977	1.38026474056e+32
2.10841977993	335	161.27961977	1.38026474056e+32
2.10187032223	336	161.27961977	1.38026474056e+32
2.09532026109	337	161.27961977	1.38026474056e+32
2.08876959694	338	161.27961977	1.38026474056e+32
2.08221833018	339	161.27961977	1.38026474056e+32
2.07566646124	340	161.27961977	1.38026474056e+32
2.06911399055	341	161.27961977	1.38026474056e+32
2.06256091852	342	161.27961977	1.38026474056e+32
2.0560072456	343	161.27961977	1.38026474056e+32
2.04945297223	344	161.27961977	1.38026474056e+32
2.04289809884	345	161.27961977	1.38026474056e+32
2.03634262589	346	161.27961977	1.38026474056e+32
2.02978655382	347	161.27961977	1.38026474056e+32
2.02322988309	348	161.27961977	1.38026474056e+32
2.01667261416	349	161.27961977	1.38026474056e+32
2.0101147475	350	161.27961977	1.38026474056e+32
2.00355628357	351	161.27961977	1.38026474056e+32
1.99699722286	352	161.27961977	1.38026474056e+32
1.99043756584	353	161.27961977	1.38026474056e+32
1.98387731299	354	161.27961977	1.38026474056e+32
1.97731646481	355	161.27961977	1.38026474056e+32
1.97075502179	356	161.27961977	1.38026474056e+32
1.96419298444	357	161.27961977	1.38026474056e+32
1.95763035325	358	161.27961977	1.38026474056e+32
1.95106712873	359	161.27961977	1.38026474056e+32
1.94450331141	360	161.27961977	1.38026474056e+32
1.93793890179	361	161.27961977	1.38026474056e+32
1.93137390042	362	161.27961977	1.38026474056e+32
1.92480830781	363	161.27961977	1.38026474056e+32
1.91824212451	364	161.27961977	1.38026474056e+32
1.91167535106	365	161.27961977	1.38026474056e+32
1.905107988	366	161.27961977	1.38026474056e+32
1.89854003589	367	161.27961977	1.38026474056e+32
1.8919714953	368	161.27961977	1.38026474056e+32
1.88540236677	369	161.27961977	1.38026474056e+32
1.87883265089	370	161.27961977	1.38026474056e+32
1.87226234823	371	161.27961977	1.38026474056e+32
1.86569145938	372	161.27961977	1.38026474056e+32
1.85911998491	373	161.27961977	1.38026474056e+32
1.85254792544	374	161.27961977	1.38026474056e+32
1.84597528155	375	161.27961977	1.38026474056e+32
1.83940205386	376	161.27961977	1.38026474056e+32
1.83282824298	377	161.27961977	1.38026474056e+32
1.82625384953	378	161.27961977	1.38026474056e+32
1.81967887413	379	161.27961977	1.38026474056e+32
1.81310331743	380	161.27961977	1.38026474056e+32
1.80652718005	381	161.27961977	1.38026474056e+32
1.79995046264	382	161.27961977	1.38026474056e+32
1.79337316587	383	161.27961977	1.38026474056e+32
1.78679529038	384	161.27961977	1.38026474056e+32
1.78021683684	385	161.27961977	1.38026474056e+32
1.77363780594	386	161.27961977	1.38026474056e+32
1.76705819834	387	161.27961977	1.38026474056e+32
1.76047801474	388	161.27961977	1.38026474056e+32
1.75389725583	389	161.27961977	1.38026474056e+32
1.74731592232	390	161.27961977	1.38026474056e+32
1.74073401491	391	161.27961977	1.38026474056e+32
1.73415153433	392	161.27961977	1.38026474056e+32
1.72756848129	393	161.27961977	1.38026474056e+32
1.72098485654	394	161.27961977	1.38026474056e+32
1.71440066081	395	161.27961977	1.38026474056e+32
1.70781589485	396	161.27961977	1.38026474056e+32
1.70123055942	397	161.27961977	1.38026474056e+32
1.69464465528	398	161.27961977	1.38026474056e+32
1.6880581832	399	161.27961977	1.38026474056e+32
1.68147114398	400	161.27961977	1.38026474056e+32
1.67488353839	401	161.27961977	1.38026474056e+32
1.66829536724	402	161.27961977	1.38026474056e+32
1.66170663133	403	161.27961977	1.38026474056e+32
1.65511733147	404	161.27961977	1.38026474056e+32
1.64852746851	405	161.27961977	1.38026474056e+32
1.64193704325	406	161.27961977	1.38026474056e+32
1.63534605656	407	161.27961977	1.38026474056e+32
1.62875450928	408	161.27961977	1.38026474056e+32
1.62216240228	409	161.27961977	1.38026474056e+32
1.61556973641	410	161.27961977	1.38026474056e+32
1.60897651257	411	161.27961977	1.38026474056e+32
1.60238273165	412	161.27961977	1.38026474056e+32
1.59578839454	413	161.27961977	1.38026474056e+32
1.58919350215	414	161.27961977	1.38026474056e+32
1.5825980554	415	161.27961977	1.38026474056e+32
1.57600205523	416	161.27961977	1.38026474056e+32
1.56940550258	417	161.27961977	1.38026474056e+32
1.56280839839	418	161.27961977	1.38026474056e+32
1.55621074362	419	161.27961977	1.38026474056e+32
1.54961253926	420	161.27961977	1.38026474056e+32
1.54301378628	421	161.27961977	1.38026474056e+32
1.53641448568	422	161.27961977	1.38026474056e+32
1.52981463846	423	161.27961977	1.38026474056e+32
1.52321424564	424	161.27961977	1.38026474056e+32
1.51661330826	425	161.27961977	1.38026474056e+32
1.51001182734	426	161.27961977	1.38026474056e+32
1.50340980395	427	161.27961977	1.38026474056e+32
1.49680723914	428	161.27961977	1.38026474056e+32
1.490204134	429	161.27961977	1.38026474056e+32
1.48360048961	430	161.27961977	1.38026474056e+32
1.47699630708	431	161.27961977	1.38026474056e+32
1.47039158752	432	161.27961977	1.38026474056e+32
1.46378633206	433	161.27961977	1.38026474056e+32
1.45718054184	434	161.27961977	1.38026474056e+32
1.45057421801	435	161.27961977	1.38026474056e+32
1.44396736175	436	161.27961977	1.38026474056e+32
1.43735997423	437	161.27961977	1.38026474056e+32
1.43075205664	438	161.27961977	1.38026474056e+32
1.42414361021	439	161.27961977	1.38026474056e+32
1.41753463615	440	161.27961977	1.38026474056e+32
1.4109251357	441	161.27961977	1.38026474056e+32
1.40431511012	442	161.27961977	1.38026474056e+32
1.39770456067	443	161.27961977	1.38026474056e+32
1.39109348864	444	161.27961977	1.38026474056e+32
1.38448189532	445	161.27961977	1.38026474056e+32
1.37786978204	446	161.27961977	1.38026474056e+32
1.37125715013	447	161.27961977	1.38026474056e+32
1.36464400092	448	161.27961977	1.38026474056e+32
1.3580303358	449	161.27961977	1.38026474056e+32
1.35141615613	450	161.27961977	1.38026474056e+32
1.34480146331	451	161.27961977	1.38026474056e+32
1.33818625877	452	161.27961977	1.38026474056e+32
1.33157054393	453	161.27961977	1.38026474056e+32
1.32495432025	454	161.27961977	1.38026474056e+32
1.31833758919	455	161.27961977	1.38026474056e+32
1.31172035224	456	161.27961977	1.38026474056e+32
1.30510261091	457	161.27961977	1.38026474056e+32
1.29848436672	458	161.27961977	1.38026474056e+32
1.29186562122	459	161.27961977	1.38026474056e+32
1.28524637597	460	161.27961977	1.38026474056e+32
1.27862663257	461	161.27961977	1.38026474056e+32
1.2720063926	462	161.27961977	1.38026474056e+32
1.26538565771	463	161.27961977	1.38026474056e+32
1.25876442953	464	161.27961977	1.38026474056e+32
1.25214270974	465	161.27961977	1.38026474056e+32
1.24552050002	466	161.27961977	1.38026474056e+32
1.23889780209	467	161.27961977	1.38026474056e+32
1.23227461769	468	161.27961977	1.38026474056e+32
1.22565094857	469	161.27961977	1.38026474056e+32
1.21902679651	470	161.27961977	1.38026474056e+32
1.21240216332	471	161.27961977	1.38026474056e+32
1.20577705083	472	161.27961977	1.38026474056e+32
1.1991514609	473	161.27961977	1.38026474056e+32
1.1925253954	474	161.27961977	1.38026474056e+32
1.18589885625	475	161.27961977	1.38026474056e+32
1.17927184536	476	161.27961977	1.38026474056e+32
1.17264436471	477	161.27961977	1.38026474056e+32
1.16601641627	478	161.27961977	1.38026474056e+32
1.15938800206	479	161.27961977	1.38026474056e+32
1.15275912412	480	161.27961977	1.38026474056e+32
1.14612978452	481	161.27961977	1.38026474056e+32
1.13949998536	482	161.27961977	1.38026474056e+32
1.13286972876	483	161.27961977	1.38026474056e+32
1.1262390169	484	161.27961977	1.38026474056e+32
1.11960785194	485	161.27961977	1.38026474056e+32
1.11297623613	486	161.27961977	1.38026474056e+32
1.1063441717	487	161.27961977	1.38026474056e+32
1.09971166096	488	161.27961977	1.38026474056e+32
1.0930787062	489	161.27961977	1.38026474056e+32
1.0864453098	490	161.27961977	1.38026474056e+32
1.07981147414	491	161.27961977	1.38026474056e+32
1.07317720164	492	161.27961977	1.38026474056e+32
1.06654249476	493	161.27961977	1.38026474056e+32
1.059907356	494	161.27961977	1.38026474056e+32
1.05327178789	495	161.27961977	1.38026474056e+32
1.04663579301	496	161.27961977	1.38026474056e+32
1.03999937397	497	161.27961977	1.38026474056e+32
1.03336253342	498	161.27961977	1.38026474056e+32
1.02672527406	499	161.27961977	1.38026474056e+32
1.02008759861	500	161.27961977	1.38026474056e+32
1.01344950987	501	161.27961977	1.38026474056e+32
1.00681101064	502	161.27961977	1.38026474056e+32
1.0001721038	503	161.27961977	1.38026474056e+32
0.993532792252	504	161.27961977	1.38026474056e+32
0.986893078961	505	161.27961977	1.38026474056e+32
0.980252966931	506	161.27961977	1.38026474056e+32
0.973612459217	507	161.27961977	1.38026474056e+32
0.966971558922	508	161.27961977	1.38026474056e+32
0.960330269201	509	161.27961977	1.38026474056e+32
0.953688593262	510	161.27961977	1.38026474056e+32
0.947046534366	511	161.27961977	1.38026474056e+32
0.940404095826	512	161.27961977	1.38026474056e+32
0.933761281015	513	161.27961977	1.38026474056e+32
0.927118093359	514	161.27961977	1.38026474056e+32
0.920474536344	515	161.27961977	1.38026474056e+32
0.913830613517	516	161.27961977	1.38026474056e+32
0.907186328486	517	161.27961977	1.38026474056e+32
0.900541684919	518	161.27961977	1.38026474056e+32
0.893896686552	519	161.27961977	1.38026474056e+32
0.887251337185	520	161.27961977	1.38026474056e+32
0.880605640685	521	161.27961977	1.38026474056e+32
0.87395960099	522	161.27961977	1.38026474056e+32
0.867313222107	523	161.27961977	1.38026474056e+32
0.860666508117	524	161.27961977	1.38026474056e+32
0.854019463176	525	161.27961977	1.38026474056e+32
0.847372091515	526	161.27961977	1.38026474056e+32
0.840724397445	527	161.27961977	1.38026474056e+32
0.834076385357	528	161.27961977	1.38026474056e+32
0.827428059724	529	161.27961977	1.38026474056e+32
0.820779425106	530	161.27961977	1.38026474056e+32
0.814130486149	531	161.27961977	1.38026474056e+32
0.807481247588	532	161.27961977	1.38026474056e+32
0.800831714252	533	161.27961977	1.38026474056e+32
0.794181891061	534	161.27961977	1.38026474056e+32
0.787531783038	535	161.27961977	1.38026474056e+32
0.7808813953	536	161.27961977	1.38026474056e+32
0.774230733071	537	161.27961977	1.38026474056e+32
0.767579801679	538	161.27961977	1.38026474056e+32
0.760928606562	539	161.27961977	1.38026474056e+32
0.754277153268	540	161.27961977	1.38026474056e+32
0.747625447463	541	161.27961977	1.38026474056e+32
0.740973494929	542	161.27961977	1.38026474056e+32
0.734321301573	543	161.27961977	1.38026474056e+32
0.727668873426	544	161.27961977	1.38026474056e+32
0.721016216649	545	161.27961977	1.38026474056e+32
0.71436333754	546	161.27961977	1.38026474056e+32
0.70771024253	547	161.27961977	1.38026474056e+32
0.701056938196	548	161.27961977	1.38026474056e+32
0.694403431261	549	161.27961977	1.38026474056e+32
0.6877497286	550	161.27961977	1.38026474056e+32
0.681095837243	551	161.27961977	1.38026474056e+32
0.674441764383	552	161.27961977	1.38026474056e+32
0.667787517381	553	161.27961977	1.38026474056e+32
0.661133103768	554	161.27961977	1.38026474056e+32
0.654478531255	555	161.27961977	1.38026474056e+32
0.647823807738	556	161.27961977	1.38026474056e+32
0.641168941304	557	161.27961977	1.38026474056e+32
0.634513940235	558	161.27961977	1.38026474056e+32
0.627858813021	559	161.27961977	1.38026474056e+32
0.62120356836	560	161.27961977	1.38026474056e+32
0.614548215174	561	161.27961977	1.38026474056e+32
0.607892762609	562	161.27961977	1.38026474056e+32
0.601237220047	563	161.27961977	1.38026474056e+32
0.594581597116	564	161.27961977	1.38026474056e+32
0.587925903698	565	161.27961977	1.38026474056e+32
0.581270149936	566	161.27961977	1.38026474056e+32
0.57461434625	567	161.27961977	1.38026474056e+32
0.567958503341	568	161.27961977	1.38026474056e+32
0.561302632209	569	161.27961977	1.38026474056e+32
0.554646744159	570	161.27961977	1.38026474056e+32
0.547990850817	571	161.27961977	1.38026474056e+32
0.541334964141	572	161.27961977	1.38026474056e+32
0.534679096437	573	161.27961977	1.38026474056e+32
0.528023260372	574	161.27961977	1.38026474056e+32
0.521367468991	575	161.27961977	1.38026474056e+32
0.514711735729	576	161.27961977	1.38026474056e+32
0.508056074436	577	161.27961977	1.38026474056e+32
0.501400499387	578	161.27961977	1.38026474056e+32
0.494745025306	579	161.27961977	1.38026474056e+32
0.488089667387	580	161.27961977	1.38026474056e+32
0.481434441311	581	161.27961977	1.38026474056e+32
0.474779363275	582	161.27961977	1.38026474056e+32
0.468124450012	583	161.27961977	1.38026474056e+32
0.461469718819	584	161.27961977	1.38026474056e+32
0.454815187584	585	161.27961977	1.38026474056e+32
0.448160874815	586	161.27961977	1.38026474056e+32
0.441506799673	587	161.27961977	1.38026474056e+32
0.434852982005	588	161.27961977	1.38026474056e+32
0.428199442378	589	161.27961977	1.38026474056e+32
0.421546202118	590	161.27961977	1.38026474056e+32
0.414893283354	591	161.27961977	1.38026474056e+32
0.408240709056	592	161.27961977	1.38026474056e+32
0.401588503089	593	161.27961977	1.38026474056e+32
0.394936690257	594	161.27961977	1.38026474056e+32
0.388285296361	595	161.27961977	1.38026474056e+32
0.381634348258	596	161.27961977	1.38026474056e+32
0.374983873921	597	161.27961977	1.38026474056e+32
0.368333902509	598	161.27961977	1.38026474056e+32
0.361684464441	599	161.27961977	1.38026474056e+32
0.355035591474	600	161.27961977	1.38026474056e+32
0.348387316791	601	161.27961977	1.38026474056e+32
0.341739675092	602	161.27961977	1.38026474056e+32
0.335092702698	603	161.27961977	1.38026474056e+32
0.328446437662	604	161.27961977	1.38026474056e+32
0.321800919888	605	161.27961977	1.38026474056e+32
0.315156191264	606	161.27961977	1.38026474056e+32
0.308512295805	607	161.27961977	1.38026474056e+32
0.301869279816	608	161.27961977	1.38026474056e+32
0.295227192061	609	161.27961977	1.38026474056e+32
0.288586083956	610	161.27961977	1.38026474056e+32
0.281946009784	611	161.27961977	1.38026474056e+32
0.275307026925	612	161.27961977	1.38026474056e+32
0.268669196117	613	161.27961977	1.38026474056e+32
0.262032581745	614	161.27961977	1.38026474056e+32
0.255397252162	615	161.27961977	1.38026474056e+32
0.248763280048	616	161.27961977	1.38026474056e+32
0.242130742811	617	161.27961977	1.38026474056e+32
0.235499723043	618	161.27961977	1.38026474056e+32
0.228870309024	619	161.27961977	1.38026474056e+32
0.222242595302	620	161.27961977	1.38026474056e+32
0.215616683348	621	161.27961977	1.38026474056e+32
0.208992682298	622	161.27961977	1.38026474056e+32
0.202370709807	623	161.27961977	1.38026474056e+32
0.19575089303	624	161.27961977	1.38026474056e+32
0.189133369745	625	161.27961977	1.38026474056e+32
0.182518289669	626	161.27961977	1.38026474056e+32
0.175905815974	627	161.27961977	1.38026474056e+32
0.169296127076	628	161.27961977	1.38026474056e+32
0.162689418734	629	161.27961977	1.38026474056e+32
0.156085906539	630	161.27961977	1.38026474056e+32
0.14948582888	631	161.27961977	1.38026474056e+32
0.142889450509	632	161.27961977	1.38026474056e+32
0.136297066857	633	161.27961977	1.38026474056e+32
0.129709009294	634	161.27961977	1.38026474056e+32
0.123125651613	635	161.27961977	1.38026474056e+32
0.116547418093	636	161.27961977	1.38026474056e+32
0.109974793632	637	161.27961977	1.38026474056e+32
