6.75	 0	0.443023554885	8.6931188734e+24
6.74993399268	 1	1.44159104	2.99516938951e+26
6.74971923851	 2	4.69079069194	1.03188982397e+28
6.74902155853	 3	15.257335724	3.55084138842e+29
6.74678961254	 4	49.4026038965	1.20543746747e+31
6.74062398871	 5	153.093280278	3.58726575338e+32
6.73309772907	 6	153.093280278	3.58726575338e+32
6.72557196172	 7	153.093280278	3.58726575338e+32
6.71804669555	 8	153.093280278	3.58726575338e+32
6.71052193944	 9	153.093280278	3.58726575338e+32
6.7029977023	10	153.093280278	3.58726575338e+32
6.69547399305	11	153.093280278	3.58726575338e+32
6.68795082064	12	153.093280278	3.58726575338e+32
6.68042819403	13	153.093280278	3.58726575338e+32
6.67290612219	14	153.093280278	3.58726575338e+32
6.6653846141	15	153.093280278	3.58726575338e+32
6.65786367879	16	153.093280278	3.58726575338e+32
6.65034332526	17	153.093280278	3.58726575338e+32
6.64282356257	18	153.093280278	3.58726575338e+32
6.63530439976	19	153.093280278	3.58726575338e+32
6.62778584591	20	153.093280278	3.58726575338e+32
6.6202679101	21	153.093280278	3.58726575338e+32
6.61275060145	22	153.093280278	3.58726575338e+32
6.60523392907	23	153.093280278	3.58726575338e+32
6.59771790209	24	153.093280278	3.58726575338e+32
6.59020252968	25	153.093280278	3.58726575338e+32
6.58268782099	26	153.093280278	3.58726575338e+32
6.57517378522	27	153.093280278	3.58726575338e+32
6.56766043157	28	153.093280278	3.58726575338e+32
6.56014776924	29	153.093280278	3.58726575338e+32
6.55263580748	30	153.093280278	3.58726575338e+32
6.54512455552	31	153.093280278	3.58726575338e+32
6.53761402264	32	153.093280278	3.58726575338e+32
6.53010421812	33	153.093280278	3.58726575338e+32
6.52259515124	34	153.093280278	3.58726575338e+32
6.51508683132	35	153.093280278	3.58726575338e+32
6.50757926768	36	153.093280278	3.58726575338e+32
6.50007246967	37	153.093280278	3.58726575338e+32
6.49256644664	38	153.093280278	3.58726575338e+32
6.48506120796	39	153.093280278	3.58726575338e+32
6.47755676302	40	153.093280278	3.58726575338e+32
6.47005312123	41	153.093280278	3.58726575338e+32
6.462550292	42	153.093280278	3.58726575338e+32
6.45504828477	43	153.093280278	3.58726575338e+32
6.44754710897	44	153.093280278	3.58726575338e+32
6.44004677409	45	153.093280278	3.58726575338e+32
6.43254728959	46	153.093280278	3.58726575338e+32
6.42504866497	47	153.093280278	3.58726575338e+32
6.41755090974	48	153.093280278	3.58726575338e+32
6.41005403341	49	153.093280278	3.58726575338e+32
6.40255804554	50	153.093280278	3.58726575338e+32
6.39506295567	51	153.093280278	3.58726575338e+32
6.38756877336	52	153.093280278	3.58726575338e+32
6.38007550821	53	153.093280278	3.58726575338e+32
6.3725831698	54	153.093280278	3.58726575338e+32
6.36509176775	55	153.093280278	3.58726575338e+32
6.35760131169	56	153.093280278	3.58726575338e+32
6.35011181126	57	153.093280278	3.58726575338e+32
6.3426232761	58	153.093280278	3.58726575338e+32
6.33513571589	59	153.093280278	3.58726575338e+32
6.32764914032	60	153.093280278	3.58726575338e+32
6.32016355908	61	153.093280278	3.58726575338e+32
6.31267898188	62	153.093280278	3.58726575338e+32
6.30519541844	63	153.093280278	3.58726575338e+32
6.29771287852	64	153.093280278	3.58726575338e+32
6.29023137186	65	153.093280278	3.58726575338e+32
6.28275090822	66	153.093280278	3.58726575338e+32
6.2752714974	67	153.093280278	3.58726575338e+32
6.26779314919	68	153.093280278	3.58726575338e+32
6.26031587339	69	153.093280278	3.58726575338e+32
6.25283967984	70	153.093280278	3.58726575338e+32
6.24536457836	71	153.093280278	3.58726575338e+32
6.23789057881	72	153.093280278	3.58726575338e+32
6.23041769105	73	153.093280278	3.58726575338e+32
6.22294592496	74	153.093280278	3.58726575338e+32
6.21547529043	75	153.093280278	3.58726575338e+32
6.20800579736	76	153.093280278	3.58726575338e+32
6.20053745567	77	153.093280278	3.58726575338e+32
6.19307027529	78	153.093280278	3.58726575338e+32
6.18560426617	79	153.093280278	3.58726575338e+32
6.17813943826	80	153.093280278	3.58726575338e+32
6.17067580153	81	153.093280278	3.58726575338e+32
6.16321336597	82	153.093280278	3.58726575338e+32
6.15575214156	83	153.093280278	3.58726575338e+32
6.14829213832	84	153.093280278	3.58726575338e+32
6.14083336628	85	153.093280278	3.58726575338e+32
6.13337583545	86	153.093280278	3.58726575338e+32
6.1259195559	87	153.093280278	3.58726575338e+32
6.11846453768	88	153.093280278	3.58726575338e+32
6.11101079085	89	153.093280278	3.58726575338e+32
6.10355832551	90	153.093280278	3.58726575338e+32
6.09610715175	91	153.093280278	3.58726575338e+32
6.08865727969	92	153.093280278	3.58726575338e+32
6.08120871943	93	153.093280278	3.58726575338e+32
6.07376148111	94	153.093280278	3.58726575338e+32
6.06631557489	95	153.093280278	3.58726575338e+32
6.05887101091	96	153.093280278	3.58726575338e+32
6.05142779934	97	153.093280278	3.58726575337e+32
6.04398595037	98	153.093280278	3.58726575337e+32
6.03654547418	99	153.093280278	3.58726575337e+32
6.02910638099	100	153.093280278	3.58726575337e+32
6.02166868101	101	153.093280278	3.58726575337e+32
6.01423238446	102	153.093280278	3.58726575337e+32
6.00679750159	103	153.093280278	3.58726575337e+32
5.99936404264	104	153.093280278	3.58726575337e+32
5.99193201788	105	153.093280278	3.58726575337e+32
5.98450143759	106	153.093280278	3.58726575337e+32
5.97707231203	107	153.093280278	3.58726575337e+32
5.96964465152	108	153.093280278	3.58726575337e+32
5.96221846635	109	153.093280278	3.58726575337e+32
5.95479376684	110	153.093280278	3.58726575337e+32
5.94737056333	111	153.093280278	3.58726575337e+32
5.93994886615	112	153.093280278	3.58726575337e+32
5.93252868565	113	153.093280278	3.58726575337e+32
5.92511003219	114	153.093280278	3.58726575337e+32
5.91769291615	115	153.093280278	3.58726575337e+32
5.9102773479	116	153.093280278	3.58726575337e+32
5.90286333783	117	153.093280278	3.58726575337e+32
5.89545089636	118	153.093280278	3.58726575337e+32
5.88804003389	119	153.093280278	3.58726575337e+32
5.88063076084	120	153.093280278	3.58726575337e+32
5.87322308765	121	153.093280278	3.58726575337e+32
5.86581702476	122	153.093280278	3.58726575337e+32
5.85841258263	123	153.093280278	3.58726575337e+32
5.85100977171	124	153.093280278	3.58726575337e+32
5.84360860249	125	153.093280278	3.58726575337e+32
5.83620908543	126	153.093280278	3.58726575337e+32
5.82881123104	127	153.093280278	3.58726575337e+32
5.82141504982	128	153.093280278	3.58726575337e+32
5.81402055227	129	153.093280278	3.58726575337e+32
5.80662774892	130	153.093280278	3.58726575337e+32
5.79923665029	131	153.093280278	3.58726575337e+32
5.79184726693	132	153.093280278	3.58726575337e+32
5.78445960939	133	153.093280278	3.58726575337e+32
5.77707368821	134	153.093280278	3.58726575337e+32
5.76968951398	135	153.093280278	3.58726575337e+32
5.76230709725	136	153.093280278	3.58726575337e+32
5.75492644862	137	153.093280278	3.58726575337e+32
5.74754757868	138	153.093280278	3.58726575337e+32
5.74017049802	139	153.093280278	3.58726575337e+32
5.73279521727	140	153.093280278	3.58726575337e+32
5.72542174703	141	153.093280278	3.58726575337e+32
5.71805009793	142	153.093280278	3.58726575337e+32
5.71068028061	143	153.093280278	3.58726575337e+32
5.70331230571	144	153.093280278	3.58726575337e+32
5.69594618388	145	153.093280278	3.58726575337e+32
5.68858192578	146	153.093280278	3.58726575337e+32
5.68121954207	147	153.093280278	3.58726575337e+32
5.67385904344	148	153.093280278	3.58726575337e+32
5.66650044055	149	153.093280278	3.58726575337e+32
5.65914374411	150	153.093280278	3.58726575337e+32
5.65178896481	151	153.093280278	3.58726575337e+32
5.64443611336	152	153.093280278	3.58726575337e+32
5.63708520046	153	153.093280278	3.58726575337e+32
5.62973623684	154	153.093280278	3.58726575337e+32
5.62238923322	155	153.093280278	3.58726575337e+32
5.61504420034	156	153.093280278	3.58726575337e+32
5.60770114894	157	153.093280278	3.58726575337e+32
5.60036008976	158	153.093280278	3.58726575337e+32
5.59302103356	159	153.093280278	3.58726575337e+32
5.58568399111	160	153.093280278	3.58726575337e+32
5.57834897316	161	153.093280278	3.58726575337e+32
5.57101599049	162	153.093280278	3.58726575337e+32
5.56368505389	163	153.093280278	3.58726575337e+32
5.55635617414	164	153.093280278	3.58726575337e+32
5.54902936204	165	153.093280278	3.58726575337e+32
5.54170462838	166	153.093280278	3.58726575337e+32
5.53438198397	167	153.093280278	3.58726575337e+32
5.52706143961	168	153.093280278	3.58726575337e+32
5.51974300614	169	153.093280278	3.58726575337e+32
5.51242669437	170	153.093280278	3.58726575337e+32
5.50511251513	171	153.093280278	3.58726575337e+32
5.49780047925	172	153.093280278	3.58726575337e+32
5.49049059758	173	153.093280278	3.58726575337e+32
5.48318288096	174	153.093280278	3.58726575337e+32
5.47587734024	175	153.093280278	3.58726575337e+32
5.46857398627	176	153.093280278	3.58726575337e+32
5.46127282992	177	153.093280278	3.58726575337e+32
5.45397388205	178	153.093280278	3.58726575337e+32
5.44667715353	179	153.093280278	3.58726575337e+32
5.43938265524	180	153.093280278	3.58726575337e+32
5.43209039806	181	153.093280278	3.58726575337e+32
5.42480039287	182	153.093280278	3.58726575337e+32
5.41751265057	183	153.093280278	3.58726575337e+32
5.41022718204	184	153.093280278	3.58726575337e+32
5.40294399818	185	153.093280278	3.58726575337e+32
5.39566310989	186	153.093280278	3.58726575337e+32
5.38838452809	187	153.093280278	3.58726575337e+32
5.38110826368	188	153.093280278	3.58726575337e+32
5.37383432757	189	153.093280278	3.58726575337e+32
5.36656273068	190	153.093280278	3.58726575337e+32
5.35929348394	191	153.093280278	3.58726575337e+32
5.35202659826	192	153.093280278	3.58726575337e+32
5.34476208459	193	153.093280278	3.58726575337e+32
5.33749995384	194	153.093280278	3.58726575337e+32
5.33024021695	195	153.093280278	3.58726575337e+32
5.32298288486	196	153.093280278	3.58726575337e+32
5.31572796852	197	153.093280278	3.58726575337e+32
5.30847547886	198	153.093280278	3.58726575337e+32
5.30122542684	199	153.093280278	3.58726575337e+32
5.2939778234	200	153.093280278	3.58726575337e+32
5.28673267949	201	153.093280278	3.58726575337e+32
5.27949000608	202	153.093280278	3.58726575337e+32
5.27224981411	203	153.093280278	3.58726575337e+32
5.26501211454	204	153.093280278	3.58726575337e+32
5.25777691835	205	153.093280278	3.58726575337e+32
5.25054423649	206	153.093280278	3.58726575337e+32
5.24331407993	207	153.093280278	3.58726575337e+32
5.23608645963	208	153.093280278	3.58726575337e+32
5.22886138656	209	153.093280278	3.58726575337e+32
5.22163887171	210	153.093280278	3.58726575337e+32
5.21441892603	211	153.093280278	3.58726575337e+32
5.20720156051	212	153.093280278	3.58726575337e+32
5.19998678611	213	153.093280278	3.58726575337e+32
5.19277461383	214	153.093280278	3.58726575337e+32
5.18556505462	215	153.093280278	3.58726575337e+32
5.17835811948	216	153.093280278	3.58726575337e+32
5.17115381938	217	153.093280278	3.58726575337e+32
5.16395216531	218	153.093280278	3.58726575337e+32
5.15675316824	219	153.093280278	3.58726575337e+32
5.14955683915	220	153.093280278	3.58726575337e+32
5.14236318904	221	153.093280278	3.58726575337e+32
5.13517222888	222	153.093280278	3.58726575337e+32
5.12798396965	223	153.093280278	3.58726575337e+32
5.12079842235	224	153.093280278	3.58726575337e+32
5.11361559794	225	153.093280278	3.58726575337e+32
5.10643550743	226	153.093280278	3.58726575337e+32
5.09925816178	227	153.093280278	3.58726575337e+32
5.09208357198	228	153.093280278	3.58726575337e+32
5.08491174902	229	153.093280278	3.58726575337e+32
5.07774270387	230	153.093280278	3.58726575337e+32
5.07057644752	231	153.093280278	3.58726575337e+32
5.06341299095	232	153.093280278	3.58726575337e+32
5.05625234514	233	153.093280278	3.58726575337e+32
5.04909452107	234	153.093280278	3.58726575337e+32
5.04193952971	235	153.093280278	3.58726575337e+32
5.03478738205	236	153.093280278	3.58726575337e+32
5.02763808905	237	153.093280278	3.58726575337e+32
5.02049166169	238	153.093280278	3.58726575337e+32
5.01334811095	239	153.093280278	3.58726575337e+32
5.0062074478	240	153.093280278	3.58726575337e+32
4.9990696832	241	153.093280278	3.58726575337e+32
4.99193482812	242	153.093280278	3.58726575337e+32
4.98480289353	243	153.093280278	3.58726575337e+32
4.97767389039	244	153.093280278	3.58726575337e+32
4.97054782966	245	153.093280278	3.58726575337e+32
4.9634247223	246	153.093280278	3.58726575337e+32
4.95630457927	247	153.093280278	3.58726575337e+32
4.94918741153	248	153.093280278	3.58726575337e+32
4.94207323001	249	153.093280278	3.58726575337e+32
4.93496204568	250	153.093280278	3.58726575337e+32
4.92785386948	251	153.093280278	3.58726575337e+32
4.92074871235	252	153.093280278	3.58726575337e+32
4.91364658523	253	153.093280278	3.58726575337e+32
4.90654749906	254	153.093280278	3.58726575337e+32
4.89945146477	255	153.093280278	3.58726575337e+32
4.89235849329	256	153.093280278	3.58726575337e+32
4.88526859555	257	153.093280278	3.58726575337e+32
4.87818178247	258	153.093280278	3.58726575337e+32
4.87109806497	259	153.093280278	3.58726575337e+32
4.86401745397	260	153.093280278	3.58726575337e+32
4.85693996037	261	153.093280278	3.58726575337e+32
4.84986559508	262	153.093280278	3.58726575337e+32
4.84279436902	263	153.093280278	3.58726575337e+32
4.83572629307	264	153.093280278	3.58726575337e+32
4.82866137813	265	153.093280278	3.58726575337e+32
4.82159963508	266	153.093280278	3.58726575337e+32
4.81454107483	267	153.093280278	3.58726575337e+32
4.80748570824	268	153.093280278	3.58726575337e+32
4.80043354618	269	153.093280278	3.58726575337e+32
4.79338459954	270	153.093280278	3.58726575337e+32
4.78633887918	271	153.093280278	3.58726575337e+32
4.77929639595	272	153.093280278	3.58726575337e+32
4.77225716072	273	153.093280278	3.58726575337e+32
4.76522118432	274	153.093280278	3.58726575337e+32
4.75818847761	275	153.093280278	3.58726575337e+32
4.75115905143	276	153.093280278	3.58726575337e+32
4.74413291659	277	153.093280278	3.58726575337e+32
4.73711008394	278	153.093280278	3.58726575337e+32
4.73009056429	279	153.093280278	3.58726575337e+32
4.72307436846	280	153.093280278	3.58726575337e+32
4.71606150725	281	153.093280278	3.58726575337e+32
4.70905199146	282	153.093280278	3.58726575337e+32
4.7020458319	283	153.093280278	3.58726575337e+32
4.69504303935	284	153.093280278	3.58726575337e+32
4.68804362458	285	153.093280278	3.58726575337e+32
4.68104759839	286	153.093280278	3.58726575337e+32
4.67405497152	287	153.093280278	3.58726575337e+32
4.66706575476	288	153.093280278	3.58726575337e+32
4.66007995884	289	153.093280278	3.58726575337e+32
4.65309759452	290	153.093280278	3.58726575337e+32
4.64611867253	291	153.093280278	3.58726575337e+32
4.63914320361	292	153.093280278	3.58726575337e+32
4.63217119848	293	153.093280278	3.58726575337e+32
4.62520266786	294	153.093280278	3.58726575337e+32
4.61823762246	295	153.093280278	3.58726575337e+32
4.61127607297	296	153.093280278	3.58726575337e+32
4.60431803009	297	153.093280278	3.58726575337e+32
4.59736350451	298	153.093280278	3.58726575337e+32
4.59041250689	299	153.093280278	3.58726575337e+32
4.58346504792	300	153.093280278	3.58726575337e+32
4.57652113824	301	153.093280278	3.58726575337e+32
4.5695807885	302	153.093280278	3.58726575337e+32
4.56264400936	303	153.093280278	3.58726575337e+32
4.55571081144	304	153.093280278	3.58726575337e+32
4.54878120536	305	153.093280278	3.58726575337e+32
4.54185520175	306	153.093280278	3.58726575337e+32
4.5349328112	307	153.093280278	3.58726575337e+32
4.52801404432	308	153.093280278	3.58726575337e+32
4.52109891168	309	153.093280278	3.58726575337e+32
4.51418742387	310	153.093280278	3.58726575337e+32
4.50727959146	311	153.093280278	3.58726575337e+32
4.500375425	312	153.093280278	3.58726575337e+32
4.49347493504	313	153.093280278	3.58726575337e+32
4.48657813212	314	153.093280278	3.58726575337e+32
4.47968502677	315	153.093280278	3.58726575337e+32
4.4727956295	316	153.093280278	3.58726575337e+32
4.46590995083	317	153.093280278	3.58726575337e+32
4.45902800124	318	153.093280278	3.58726575337e+32
4.45214979124	319	153.093280278	3.58726575337e+32
4.44527533128	320	153.093280278	3.58726575337e+32
4.43840463185	321	153.093280278	3.58726575337e+32
4.43153770338	322	153.093280278	3.58726575337e+32
4.42467455633	323	153.093280278	3.58726575337e+32
4.41781520113	324	153.093280278	3.58726575337e+32
4.41095964819	325	153.093280278	3.58726575337e+32
4.40410790794	326	153.093280278	3.58726575337e+32
4.39725999076	327	153.093280278	3.58726575337e+32
4.39041590704	328	153.093280278	3.58726575337e+32
4.38357566716	329	153.093280278	3.58726575337e+32
4.37673928149	330	153.093280278	3.58726575337e+32
4.36990676036	331	153.093280278	3.58726575337e+32
4.36307811413	332	153.093280278	3.58726575337e+32
4.35625335312	333	153.093280278	3.58726575337e+32
4.34943248765	334	153.093280278	3.58726575337e+32
4.34261552801	335	153.093280278	3.58726575337e+32
4.3358024845	336	153.093280278	3.58726575337e+32
4.3289933674	337	153.093280278	3.58726575337e+32
4.32218818697	338	153.093280278	3.58726575337e+32
4.31538695346	339	153.093280278	3.58726575337e+32
4.30858967713	340	153.093280278	3.58726575337e+32
4.30179636818	341	153.093280278	3.58726575337e+32
4.29500703683	342	153.093280278	3.58726575337e+32
4.2882216933	343	153.093280278	3.58726575337e+32
4.28144034775	344	153.093280278	3.58726575337e+32
4.27466301038	345	153.093280278	3.58726575337e+32
4.26788969133	346	153.093280278	3.58726575337e+32
4.26111567274	347	153.093280278	3.58726575337e+32
4.2543390129	348	153.093280278	3.58726575337e+32
4.2475597023	349	153.093280278	3.58726575337e+32
4.2407777314	350	153.093280278	3.58726575337e+32
4.23399309059	351	153.093280278	3.58726575337e+32
4.22720577022	352	153.093280278	3.58726575337e+32
4.22041576059	353	153.093280278	3.58726575337e+32
4.21362305192	354	153.093280278	3.58726575337e+32
4.2068276344	355	153.093280278	3.58726575337e+32
4.20002949817	356	153.093280278	3.58726575337e+32
4.1932286333	357	153.093280278	3.58726575337e+32
4.18642502982	358	153.093280278	3.58726575337e+32
4.17961867768	359	153.093280278	3.58726575337e+32
4.1728095668	360	153.093280278	3.58726575337e+32
4.16599768704	361	153.093280278	3.58726575337e+32
4.15918302818	362	153.093280278	3.58726575337e+32
4.15236557997	363	153.093280278	3.58726575337e+32
4.1455453321	364	153.093280278	3.58726575337e+32
4.13872227419	365	153.093280278	3.58726575337e+32
4.1318963958	366	153.093280278	3.58726575337e+32
4.12506768645	367	153.093280278	3.58726575337e+32
4.11823613558	368	153.093280278	3.58726575337e+32
4.11140173258	369	153.093280278	3.58726575337e+32
4.10456446679	370	153.093280278	3.58726575337e+32
4.09772432748	371	153.093280278	3.58726575337e+32
4.09088130384	372	153.093280278	3.58726575337e+32
4.08403538504	373	153.093280278	3.58726575337e+32
4.07718656015	374	153.093280278	3.58726575337e+32
4.0703348182	375	153.093280278	3.58726575337e+32
4.06348014815	376	153.093280278	3.58726575337e+32
4.0566225389	377	153.093280278	3.58726575337e+32
4.04976197928	378	153.093280278	3.58726575337e+32
4.04289845807	379	153.093280278	3.58726575337e+32
4.03603196396	380	153.093280278	3.58726575337e+32
4.02916248561	381	153.093280278	3.58726575337e+32
4.02229001158	382	153.093280278	3.58726575337e+32
4.01541453038	383	153.093280278	3.58726575337e+32
4.00853603046	384	153.093280278	3.58726575337e+32
4.00165450019	385	153.093280278	3.58726575337e+32
3.99487502024	386	153.093280278	3.58726575337e+32
3.98805727175	387	153.093280278	3.58726575337e+32
3.9812522801	388	153.093280278	3.58726575337e+32
3.97444141152	389	153.093280278	3.58726575337e+32
3.96763146663	390	153.093280278	3.58726575337e+32
3.96081996016	391	153.093280278	3.58726575337e+32
3.95400780047	392	153.093280278	3.58726575337e+32
3.94719465495	393	153.093280278	3.58726575337e+32
3.94038064512	394	153.093280278	3.58726575337e+32
3.93356572618	395	153.093280278	3.58726575337e+32
3.9267499143	396	153.093280278	3.58726575337e+32
3.91993320329	397	153.093280278	3.58726575337e+32
3.91311559517	398	153.093280278	3.58726575337e+32
3.90629708894	399	153.093280278	3.58726575337e+32
3.8994776847	400	153.093280278	3.58726575337e+32
3.89265738215	401	153.093280278	3.58726575337e+32
3.88583618117	402	153.093280278	3.58726575337e+32
3.87901408153	403	153.093280278	3.58726575337e+32
3.87219108307	404	153.093280278	3.58726575337e+32
3.8653671856	405	153.093280278	3.58726575337e+32
3.85854238893	406	153.093280278	3.58726575337e+32
3.85171669289	407	153.093280278	3.58726575337e+32
3.84489009728	408	153.093280278	3.58726575337e+32
3.83806260193	409	153.093280278	3.58726575337e+32
3.83123420666	410	153.093280278	3.58726575337e+32
3.82440491129	411	153.093280278	3.58726575337e+32
3.81757471563	412	153.093280278	3.58726575337e+32
3.81074361952	413	153.093280278	3.58726575337e+32
3.80391162277	414	153.093280278	3.58726575337e+32
3.7970787252	415	153.093280278	3.58726575337e+32
3.79024492665	416	153.093280278	3.58726575337e+32
3.78341022692	417	153.093280278	3.58726575337e+32
3.77657462586	418	153.093280278	3.58726575337e+32
3.76973812329	419	153.093280278	3.58726575337e+32
3.76290071903	420	153.093280278	3.58726575337e+32
3.75606241291	421	153.093280278	3.58726575337e+32
3.74922320475	422	153.093280278	3.58726575337e+32
3.7423830944	423	153.093280278	3.58726575337e+32
3.73554208168	424	153.093280278	3.58726575337e+32
3.72870016642	425	153.093280278	3.58726575337e+32
3.72185734845	426	153.093280278	3.58726575337e+32
3.71501362761	427	153.093280278	3.58726575337e+32
3.70816900373	428	153.093280278	3.58726575337e+32
3.70132347664	429	153.093280278	3.58726575337e+32
3.69447704618	430	153.093280278	3.58726575337e+32
3.68762971218	431	153.093280278	3.58726575337e+32
3.68078147448	432	153.093280278	3.58726575337e+32
3.67393233293	433	153.093280278	3.58726575337e+32
3.66708228735	434	153.093280278	3.58726575337e+32
3.6602313376	435	153.093280278	3.58726575337e+32
3.6533794835	436	153.093280278	3.58726575337e+32
3.6465267249	437	153.093280278	3.58726575337e+32
3.63967306164	438	153.093280278	3.58726575337e+32
3.63281849357	439	153.093280278	3.58726575337e+32
3.62596302053	440	153.093280278	3.58726575337e+32
3.61910664236	441	153.093280278	3.58726575337e+32
3.61224935892	442	153.093280278	3.58726575337e+32
3.60539117004	443	153.093280278	3.58726575337e+32
3.59853207558	444	153.093280278	3.58726575337e+32
3.59167207538	445	153.093280278	3.58726575337e+32
3.58481116929	446	153.093280278	3.58726575337e+32
3.57794935717	447	153.093280278	3.58726575337e+32
3.57108663887	448	153.093280278	3.58726575337e+32
3.56422301423	449	153.093280278	3.58726575337e+32
3.55735848312	450	153.093280278	3.58726575337e+32
3.55049304538	451	153.093280278	3.58726575337e+32
3.54362670087	452	153.093280278	3.58726575337e+32
3.53675944946	453	153.093280278	3.58726575337e+32
3.52989129099	454	153.093280278	3.58726575337e+32
3.52302222532	455	153.093280278	3.58726575337e+32
3.51615225232	456	153.093280278	3.58726575337e+32
3.50928137184	457	153.093280278	3.58726575337e+32
3.50240958376	458	153.093280278	3.58726575337e+32
3.49553688791	459	153.093280278	3.58726575337e+32
3.48866328419	460	153.093280278	3.58726575337e+32
3.48178877244	461	153.093280278	3.58726575337e+32
3.47491335253	462	153.093280278	3.58726575337e+32
3.46803702433	463	153.093280278	3.58726575337e+32
3.46115978772	464	153.093280278	3.58726575337e+32
3.45428164255	465	153.093280278	3.58726575337e+32
3.44740258869	466	153.093280278	3.58726575337e+32
3.44052262603	467	153.093280278	3.58726575337e+32
3.43364175442	468	153.093280278	3.58726575337e+32
3.42675997375	469	153.093280278	3.58726575337e+32
3.41987728389	470	153.093280278	3.58726575337e+32
3.41299368472	471	153.093280278	3.58726575337e+32
3.40610917611	472	153.093280278	3.58726575337e+32
3.39922375793	473	153.093280278	3.58726575337e+32
3.39233743008	474	153.093280278	3.58726575337e+32
3.38545019242	475	153.093280278	3.58726575337e+32
3.37856204484	476	153.093280278	3.58726575337e+32
3.37167298723	477	153.093280278	3.58726575337e+32
3.36478301947	478	153.093280278	3.58726575337e+32
3.35789214143	479	153.093280278	3.58726575337e+32
3.35100035302	480	153.093280278	3.58726575337e+32
3.34410765411	481	153.093280278	3.58726575337e+32
3.3372140446	482	153.093280278	3.58726575337e+32
3.33031952437	483	153.093280278	3.58726575337e+32
3.32342409332	484	153.093280278	3.58726575337e+32
3.31652775133	485	153.093280278	3.58726575337e+32
3.30963049831	486	153.093280278	3.58726575337e+32
3.30273233415	487	153.093280278	3.58726575337e+32
3.29583325873	488	153.093280278	3.58726575337e+32
3.28893327197	489	153.093280278	3.58726575337e+32
3.28203237376	490	153.093280278	3.58726575337e+32
3.275130564	491	153.093280278	3.58726575337e+32
3.26822784259	492	153.093280278	3.58726575337e+32
3.26132420944	493	153.093280278	3.58726575337e+32
3.25441966444	494	153.093280278	3.58726575337e+32
3.24751420751	495	153.093280278	3.58726575337e+32
3.24060783855	496	153.093280278	3.58726575337e+32
3.23370055747	497	153.093280278	3.58726575337e+32
3.22679236417	498	153.093280278	3.58726575337e+32
3.21988325858	499	153.093280278	3.58726575337e+32
3.2129732406	500	153.093280278	3.58726575337e+32
3.20606231014	501	153.093280278	3.58726575337e+32
3.19915046712	502	153.093280278	3.58726575337e+32
3.19223771147	503	153.093280278	3.58726575337e+32
3.18532404309	504	153.093280278	3.58726575337e+32
3.1784094619	505	153.093280278	3.58726575337e+32
3.17149396783	506	153.093280278	3.58726575337e+32
3.1645775608	507	153.093280278	3.58726575337e+32
3.15766024073	508	153.093280278	3.58726575337e+32
3.15074200756	509	153.093280278	3.58726575337e+32
3.14382286119	510	153.093280278	3.58726575337e+32
3.13690280157	511	153.093280278	3.58726575337e+32
3.12998182863	512	153.093280278	3.58726575337e+32
3.12305994229	513	153.093280278	3.58726575337e+32
3.11613714249	514	153.093280278	3.58726575337e+32
3.10921342916	515	153.093280278	3.58726575337e+32
3.10228880225	516	153.093280278	3.58726575337e+32
3.09536326168	517	153.093280278	3.58726575337e+32
3.08843680739	518	153.093280278	3.58726575337e+32
3.08150943934	519	153.093280278	3.58726575337e+32
3.07458115746	520	153.093280278	3.58726575337e+32
3.06765196169	521	153.093280278	3.58726575337e+32
3.06072185198	522	153.093280278	3.58726575337e+32
3.05379082828	523	153.093280278	3.58726575337e+32
3.04685889054	524	153.093280278	3.58726575337e+32
3.03992603871	525	153.093280278	3.58726575337e+32
3.03299227274	526	153.093280278	3.58726575337e+32
3.02605759259	527	153.093280278	3.58726575337e+32
3.01912199821	528	153.093280278	3.58726575337e+32
3.01218548957	529	153.093280278	3.58726575337e+32
3.00524806661	530	153.093280278	3.58726575337e+32
2.9983097293	531	153.093280278	3.58726575337e+32
2.99137047761	532	153.093280278	3.58726575337e+32
2.9844303115	533	153.093280278	3.58726575337e+32
2.97748923094	534	153.093280278	3.58726575337e+32
2.97054723589	535	153.093280278	3.58726575337e+32
2.96360432633	536	153.093280278	3.58726575337e+32
2.95666050223	537	153.093280278	3.58726575337e+32
2.94971576356	538	153.093280278	3.58726575337e+32
2.9427701103	539	153.093280278	3.58726575337e+32
2.93582354243	540	153.093280278	3.58726575337e+32
2.92887605992	541	153.093280278	3.58726575337e+32
2.92192766277	542	153.093280278	3.58726575337e+32
2.91497835094	543	153.093280278	3.58726575337e+32
2.90802812444	544	153.093280278	3.58726575337e+32
2.90107698324	545	153.093280278	3.58726575337e+32
2.89412492734	546	153.093280278	3.58726575337e+32
2.88717195673	547	153.093280278	3.58726575337e+32
2.8802180714	548	153.093280278	3.58726575337e+32
2.87326327134	549	153.093280278	3.58726575337e+32
2.86630755657	550	153.093280278	3.58726575337e+32
2.85935092706	551	153.093280278	3.58726575337e+32
2.85239338284	552	153.093280278	3.58726575337e+32
2.8454349239	553	153.093280278	3.58726575337e+32
2.83847555025	554	153.093280278	3.58726575337e+32
2.83151526189	555	153.093280278	3.58726575337e+32
2.82455405884	556	153.093280278	3.58726575337e+32
2.81759194111	557	153.093280278	3.58726575337e+32
2.81062890872	558	153.093280278	3.58726575337e+32
2.80366496168	559	153.093280278	3.58726575337e+32
2.79670010002	560	153.093280278	3.58726575337e+32
2.78973432374	561	153.093280278	3.58726575337e+32
2.78276763289	562	153.093280278	3.58726575337e+32
2.77580002748	563	153.093280278	3.58726575337e+32
2.76883150754	564	153.093280278	3.58726575337e+32
2.76186207311	565	153.093280278	3.58726575337e+32
2.75489172421	566	153.093280278	3.58726575337e+32
2.74792046088	567	153.093280278	3.58726575337e+32
2.74094828317	568	153.093280278	3.58726575337e+32
2.73397519111	569	153.093280278	3.58726575337e+32
2.72700118474	570	153.093280278	3.58726575337e+32
2.72002626411	571	153.093280278	3.58726575337e+32
2.71305042927	572	153.093280278	3.58726575337e+32
2.70607368027	573	153.093280278	3.58726575337e+32
2.69909601715	574	153.093280278	3.58726575337e+32
2.69211743998	575	153.093280278	3.58726575337e+32
2.68513794882	576	153.093280278	3.58726575337e+32
2.67815754372	577	153.093280278	3.58726575337e+32
2.67117622475	578	153.093280278	3.58726575337e+32
2.66419399197	579	153.093280278	3.58726575337e+32
2.65721084545	580	153.093280278	3.58726575337e+32
2.65022678526	581	153.093280278	3.58726575337e+32
2.64324181148	582	153.093280278	3.58726575337e+32
2.63625592418	583	153.093280278	3.58726575337e+32
2.62926912344	584	153.093280278	3.58726575337e+32
2.62228140935	585	153.093280278	3.58726575337e+32
2.61529278198	586	153.093280278	3.58726575337e+32
2.60830324143	587	153.093280278	3.58726575337e+32
2.60131278778	588	153.093280278	3.58726575337e+32
2.59432142114	589	153.093280278	3.58726575337e+32
2.58732914159	590	153.093280278	3.58726575337e+32
2.58033594923	591	153.093280278	3.58726575337e+32
2.57334184417	592	153.093280278	3.58726575337e+32
2.56634682651	593	153.093280278	3.58726575337e+32
2.55935089635	594	153.093280278	3.58726575337e+32
2.55235405382	595	153.093280278	3.58726575337e+32
2.54535629902	596	153.093280278	3.58726575337e+32
2.53835763207	597	153.093280278	3.58726575337e+32
2.53135805309	598	153.093280278	3.58726575337e+32
2.52435756221	599	153.093280278	3.58726575337e+32
2.51735615954	600	153.093280278	3.58726575337e+32
2.51035384523	601	153.093280278	3.58726575337e+32
2.5033506194	602	153.093280278	3.58726575337e+32
2.49634648218	603	153.093280278	3.58726575337e+32
2.48934143373	604	153.093280278	3.58726575337e+32
2.48233547417	605	153.093280278	3.58726575337e+32
2.47532860366	606	153.093280278	3.58726575337e+32
2.46832082235	607	153.093280278	3.58726575337e+32
2.46131213038	608	153.093280278	3.58726575337e+32
2.45430252792	609	153.093280278	3.58726575337e+32
2.44729201512	610	153.093280278	3.58726575337e+32
2.44028059215	611	153.093280278	3.58726575337e+32
2.43326825918	612	153.093280278	3.58726575337e+32
2.42625501636	613	153.093280278	3.58726575337e+32
2.41924086388	614	153.093280278	3.58726575337e+32
2.41222580192	615	153.093280278	3.58726575337e+32
2.40520983065	616	153.093280278	3.58726575337e+32
2.39819295027	617	153.093280278	3.58726575337e+32
2.39117516095	618	153.093280278	3.58726575337e+32
2.38415646289	619	153.093280278	3.58726575337e+32
2.37713685629	620	153.093280278	3.58726575337e+32
2.37011634134	621	153.093280278	3.58726575337e+32
2.36309491826	622	153.093280278	3.58726575337e+32
2.35607258724	623	153.093280278	3.58726575337e+32
2.3490493485	624	153.093280278	3.58726575337e+32
2.34202520226	625	153.093280278	3.58726575337e+32
2.33500014873	626	153.093280278	3.58726575337e+32
2.32797418814	627	153.093280278	3.58726575337e+32
2.32094732071	628	153.093280278	3.58726575337e+32
2.31391954668	629	153.093280278	3.58726575337e+32
2.30689086628	630	153.093280278	3.58726575337e+32
2.29986127975	631	153.093280278	3.58726575337e+32
2.29283078735	632	153.093280278	3.58726575337e+32
2.28579938931	633	153.093280278	3.58726575337e+32
2.27876708589	634	153.093280278	3.58726575337e+32
2.27173387734	635	153.093280278	3.58726575337e+32
2.26469976394	636	153.093280278	3.58726575337e+32
2.25766474594	637	153.093280278	3.58726575337e+32
2.25062882361	638	153.093280278	3.58726575337e+32
2.24359199724	639	153.093280278	3.58726575337e+32
2.2365542671	640	153.093280278	3.58726575337e+32
2.22951563348	641	153.093280278	3.58726575337e+32
2.22247609666	642	153.093280278	3.58726575337e+32
2.21543565695	643	153.093280278	3.58726575337e+32
2.20839431463	644	153.093280278	3.58726575337e+32
2.20135207002	645	153.093280278	3.58726575337e+32
2.19430892342	646	153.093280278	3.58726575337e+32
2.18726487515	647	153.093280278	3.58726575337e+32
2.18021992552	648	153.093280278	3.58726575337e+32
2.17317407486	649	153.093280278	3.58726575337e+32
2.1661273235	650	153.093280278	3.58726575337e+32
2.15907967177	651	153.093280278	3.58726575337e+32
2.15203112002	652	153.093280278	3.58726575337e+32
2.14498166858	653	153.093280278	3.58726575337e+32
2.13793131781	654	153.093280278	3.58726575337e+32
2.13088006806	655	153.093280278	3.58726575337e+32
2.12382791969	656	153.093280278	3.58726575337e+32
2.11677487307	657	153.093280278	3.58726575337e+32
2.10972092858	658	153.093280278	3.58726575337e+32
2.10266608658	659	153.093280278	3.58726575337e+32
2.09561034747	660	153.093280278	3.58726575337e+32
2.08855371163	661	153.093280278	3.58726575337e+32
2.08149617945	662	153.093280278	3.58726575337e+32
2.07443775134	663	153.093280278	3.58726575337e+32
2.06737842771	664	153.093280278	3.58726575337e+32
2.06031820896	665	153.093280278	3.58726575337e+32
2.05325709552	666	153.093280278	3.58726575337e+32
2.04619508781	667	153.093280278	3.58726575337e+32
2.03913218626	668	153.093280278	3.58726575337e+32
2.03206839131	669	153.093280278	3.58726575337e+32
2.0250037034	670	153.093280278	3.58726575337e+32
2.01793812299	671	153.093280278	3.58726575337e+32
2.01087165052	672	153.093280278	3.58726575337e+32
2.00380428647	673	153.093280278	3.58726575337e+32
1.9967360313	674	153.093280278	3.58726575337e+32
1.9896668855	675	153.093280278	3.58726575337e+32
1.98259684953	676	153.093280278	3.58726575337e+32
1.9755259239	677	153.093280278	3.58726575337e+32
1.9684541091	678	153.093280278	3.58726575337e+32
1.96138140564	679	153.093280278	3.58726575337e+32
1.95430781402	680	153.093280278	3.58726575337e+32
1.94723333477	681	153.093280278	3.58726575337e+32
1.94015796841	682	153.093280278	3.58726575337e+32
1.93308171548	683	153.093280278	3.58726575337e+32
1.92600457651	684	153.093280278	3.58726575337e+32
1.91892655205	685	153.093280278	3.58726575337e+32
1.91184764267	686	153.093280278	3.58726575337e+32
1.90476784891	687	153.093280278	3.58726575337e+32
1.89768717137	688	153.093280278	3.58726575337e+32
1.89060561061	689	153.093280278	3.58726575337e+32
1.88352316722	690	153.093280278	3.58726575337e+32
1.8764398418	691	153.093280278	3.58726575337e+32
1.86935563495	692	153.093280278	3.58726575337e+32
1.86227054728	693	153.093280278	3.58726575337e+32
1.85518457942	694	153.093280278	3.58726575337e+32
1.84809773199	695	153.093280278	3.58726575337e+32
1.84101000563	696	153.093280278	3.58726575337e+32
1.833921401	697	153.093280278	3.58726575337e+32
1.82683191873	698	153.093280278	3.58726575337e+32
1.8197415595	699	153.093280278	3.58726575337e+32
1.81265032398	700	153.093280278	3.58726575337e+32
1.80555821285	701	153.093280278	3.58726575337e+32
1.79846522681	702	153.093280278	3.58726575337e+32
1.79137136655	703	153.093280278	3.58726575337e+32
1.78427663279	704	153.093280278	3.58726575337e+32
1.77718102625	705	153.093280278	3.58726575337e+32
1.77008454765	706	153.093280278	3.58726575337e+32
1.76298719774	707	153.093280278	3.58726575337e+32
1.75588897726	708	153.093280278	3.58726575337e+32
1.74878988698	709	153.093280278	3.58726575337e+32
1.74168992767	710	153.093280278	3.58726575337e+32
1.73458910011	711	153.093280278	3.58726575337e+32
1.72748740509	712	153.093280278	3.58726575337e+32
1.72038484341	713	153.093280278	3.58726575337e+32
1.71328141588	714	153.093280278	3.58726575337e+32
1.70617712334	715	153.093280278	3.58726575337e+32
1.6990719666	716	153.093280278	3.58726575337e+32
1.69196594653	717	153.093280278	3.58726575337e+32
1.68485906398	718	153.093280278	3.58726575337e+32
1.67775131982	719	153.093280278	3.58726575337e+32
1.67064271493	720	153.093280278	3.58726575337e+32
1.66353325021	721	153.093280278	3.58726575337e+32
1.65642292655	722	153.093280278	3.58726575337e+32
1.64931174488	723	153.093280278	3.58726575337e+32
1.64219970612	724	153.093280278	3.58726575337e+32
1.63508681123	725	153.093280278	3.58726575337e+32
1.62797306115	726	153.093280278	3.58726575337e+32
1.62085845686	727	153.093280278	3.58726575337e+32
1.61374299933	728	153.093280278	3.58726575337e+32
1.60662668957	729	153.093280278	3.58726575337e+32
1.59950952857	730	153.093280278	3.58726575337e+32
1.59239151737	731	153.093280278	3.58726575337e+32
1.585272657	732	153.093280278	3.58726575337e+32
1.5781529485	733	153.093280278	3.58726575337e+32
1.57103239295	734	153.093280278	3.58726575337e+32
1.56391099142	735	153.093280278	3.58726575337e+32
1.55678874501	736	153.093280278	3.58726575337e+32
1.54966565483	737	153.093280278	3.58726575337e+32
1.542541722	738	153.093280278	3.58726575337e+32
1.53541694766	739	153.093280278	3.58726575337e+32
1.52829133296	740	153.093280278	3.58726575337e+32
1.52116487909	741	153.093280278	3.58726575337e+32
1.51403758722	742	153.093280278	3.58726575337e+32
1.50690945856	743	153.093280278	3.58726575337e+32
1.49978049433	744	153.093280278	3.58726575337e+32
1.49265069576	745	153.093280278	3.58726575337e+32
1.48552006413	746	153.093280278	3.58726575337e+32
1.47838860068	747	153.093280278	3.58726575337e+32
1.47125630672	748	153.093280278	3.58726575337e+32
1.46412318356	749	153.093280278	3.58726575337e+32
1.45698923252	750	153.093280278	3.58726575337e+32
1.44985445494	751	153.093280278	3.58726575337e+32
1.44271885218	752	153.093280278	3.58726575337e+32
1.43558242564	753	153.093280278	3.58726575337e+32
1.42844517672	754	153.093280278	3.58726575337e+32
1.42130710683	755	153.093280278	3.58726575337e+32
1.41416821742	756	153.093280278	3.58726575337e+32
1.40702850995	757	153.093280278	3.58726575337e+32
1.3998879859	758	153.093280278	3.58726575337e+32
1.39274664679	759	153.093280278	3.58726575337e+32
1.38560449414	760	153.093280278	3.58726575337e+32
1.37846152949	761	153.093280278	3.58726575337e+32
1.37131775441	762	153.093280278	3.58726575337e+32
1.36417317051	763	153.093280278	3.58726575337e+32
1.35702777939	764	153.093280278	3.58726575337e+32
1.34988158269	765	153.093280278	3.58726575337e+32
1.34273458209	766	153.093280278	3.58726575337e+32
1.33558677926	767	153.093280278	3.58726575337e+32
1.32843817592	768	153.093280278	3.58726575337e+32
1.32128877381	769	153.093280278	3.58726575337e+32
1.31413857468	770	153.093280278	3.58726575337e+32
1.30698758034	771	153.093280278	3.58726575337e+32
1.29983579259	772	153.093280278	3.58726575337e+32
1.29268321328	773	153.093280278	3.58726575337e+32
1.28552984427	774	153.093280278	3.58726575337e+32
1.27837568747	775	153.093280278	3.58726575337e+32
1.27122074481	776	153.093280278	3.58726575337e+32
1.26406501822	777	153.093280278	3.58726575337e+32
1.25690850971	778	153.093280278	3.58726575337e+32
1.24975122129	779	153.093280278	3.58726575337e+32
1.242593155	780	153.093280278	3.58726575337e+32
1.23543431291	781	153.093280278	3.58726575337e+32
1.22827469715	782	153.093280278	3.58726575337e+32
1.22111430984	783	153.093280278	3.58726575337e+32
1.21395315317	784	153.093280278	3.58726575337e+32
1.20679122933	785	153.093280278	3.58726575337e+32
1.19962854058	786	153.093280278	3.58726575337e+32
1.19246508919	787	153.093280278	3.58726575337e+32
1.18530087747	788	153.093280278	3.58726575337e+32
1.17813590777	789	153.093280278	3.58726575337e+32
1.17097018248	790	153.093280278	3.58726575337e+32
1.16380370402	791	153.093280278	3.58726575337e+32
1.15663647486	792	153.093280278	3.58726575337e+32
1.1494684975	793	153.093280278	3.58726575337e+32
1.14229977447	794	153.093280278	3.58726575337e+32
1.13513030837	795	153.093280278	3.58726575337e+32
1.12796010183	796	153.093280278	3.58726575337e+32
1.1207891575	797	153.093280278	3.58726575337e+32
1.1136174781	798	153.093280278	3.58726575337e+32
1.10644506639	799	153.093280278	3.58726575337e+32
1.09927192518	800	153.093280278	3.58726575337e+32
1.0920980573	801	153.093280278	3.58726575337e+32
1.08492346566	802	153.093280278	3.58726575337e+32
1.07774815321	803	153.093280278	3.58726575337e+32
1.07057212294	804	153.093280278	3.58726575337e+32
1.06339537789	805	153.093280278	3.58726575337e+32
1.05621792117	806	153.093280278	3.58726575337e+32
1.04903975592	807	153.093280278	3.58726575337e+32
1.04186088536	808	153.093280278	3.58726575337e+32
1.03468131274	809	153.093280278	3.58726575337e+32
1.02750104138	810	153.093280278	3.58726575337e+32
1.02032007466	811	153.093280278	3.58726575337e+32
1.01313841602	812	153.093280278	3.58726575337e+32
1.00595606895	813	153.093280278	3.58726575337e+32
0.998773037014	814	153.093280278	3.58726575337e+32
0.991589323834	815	153.093280278	3.58726575337e+32
0.984404933099	816	153.093280278	3.58726575337e+32
0.977219868565	817	153.093280278	3.58726575337e+32
0.970034134059	818	153.093280278	3.58726575337e+32
0.962847733474	819	153.093280278	3.58726575337e+32
0.95566067078	820	153.093280278	3.58726575337e+32
0.948472950016	821	153.093280278	3.58726575337e+32
0.9412845753	822	153.093280278	3.58726575337e+32
0.934095550827	823	153.093280278	3.58726575337e+32
0.926905880873	824	153.093280278	3.58726575337e+32
0.919715569792	825	153.093280278	3.58726575337e+32
0.912524622026	826	153.093280278	3.58726575337e+32
0.905333042101	827	153.093280278	3.58726575337e+32
0.898140834633	828	153.093280278	3.58726575337e+32
0.890948004326	829	153.093280278	3.58726575337e+32
0.88375455598	830	153.093280278	3.58726575337e+32
0.876560494489	831	153.093280278	3.58726575337e+32
0.869365824847	832	153.093280278	3.58726575337e+32
0.862170552148	833	153.093280278	3.58726575337e+32
0.854974681589	834	153.093280278	3.58726575337e+32
0.847778218476	835	153.093280278	3.58726575337e+32
0.840581168224	836	153.093280278	3.58726575337e+32
0.833383536361	837	153.093280278	3.58726575337e+32
0.82618532853	838	153.093280278	3.58726575337e+32
0.818986550496	839	153.093280278	3.58726575337e+32
0.811787208145	840	153.093280278	3.58726575337e+32
0.804587307493	841	153.093280278	3.58726575337e+32
0.797386854683	842	153.093280278	3.58726575337e+32
0.790185855994	843	153.093280278	3.58726575337e+32
0.782984317846	844	153.093280278	3.58726575337e+32
0.775782246799	845	153.093280278	3.58726575337e+32
0.768579649563	846	153.093280278	3.58726575337e+32
0.761376532997	847	153.093280278	3.58726575337e+32
0.75417290412	848	153.093280278	3.58726575337e+32
0.746968770111	849	153.093280278	3.58726575337e+32
0.739764138319	850	153.093280278	3.58726575337e+32
0.732559016263	851	153.093280278	3.58726575337e+32
0.725353411642	852	153.093280278	3.58726575337e+32
0.718147332339	853	153.093280278	3.58726575337e+32
0.710940786427	854	153.093280278	3.58726575337e+32
0.703733782178	855	153.093280278	3.58726575337e+32
0.696526328067	856	153.093280278	3.58726575337e+32
0.68931843278	857	153.093280278	3.58726575337e+32
0.682110105222	858	153.093280278	3.58726575337e+32
0.674901354524	859	153.093280278	3.58726575337e+32
0.667692190053	860	153.093280278	3.58726575337e+32
0.660482621417	861	153.093280278	3.58726575337e+32
0.653272658477	862	153.093280278	3.58726575337e+32
0.646062311356	863	153.093280278	3.58726575337e+32
0.63885159045	864	153.093280278	3.58726575337e+32
0.631640506432	865	153.093280278	3.58726575337e+32
0.624429070273	866	153.093280278	3.58726575337e+32
0.617217293244	867	153.093280278	3.58726575337e+32
0.610005186936	868	153.093280278	3.58726575337e+32
0.602792763265	869	153.093280278	3.58726575337e+32
0.595580034492	870	153.093280278	3.58726575337e+32
0.588367013233	871	153.093280278	3.58726575337e+32
0.581153712475	872	153.093280278	3.58726575337e+32
0.573940145594	873	153.093280278	3.58726575337e+32
0.566726326365	874	153.093280278	3.58726575337e+32
0.559512268988	875	153.093280278	3.58726575337e+32
0.552297988101	876	153.093280278	3.58726575337e+32
0.545083498799	877	153.093280278	3.58726575337e+32
0.537868816657	878	153.093280278	3.58726575337e+32
0.530653957754	879	153.093280278	3.58726575337e+32
0.52343893869	880	153.093280278	3.58726575337e+32
0.516223776617	881	153.093280278	3.58726575337e+32
0.509008489261	882	153.093280278	3.58726575337e+32
0.501793094952	883	153.093280278	3.58726575337e+32
0.494577612651	884	153.093280278	3.58726575337e+32
0.487362061988	885	153.093280278	3.58726575337e+32
0.480146463286	886	153.093280278	3.58726575337e+32
0.472930837606	887	153.093280278	3.58726575337e+32
0.46571520678	888	153.093280278	3.58726575337e+32
0.458499593453	889	153.093280278	3.58726575337e+32
0.451284021129	890	153.093280278	3.58726575337e+32
0.444068514214	891	153.093280278	3.58726575337e+32
0.436853098073	892	153.093280278	3.58726575337e+32
0.429637799076	893	153.093280278	3.58726575337e+32
0.422422644662	894	153.093280278	3.58726575337e+32
0.415207663401	895	153.093280278	3.58726575337e+32
0.40799288506	896	153.093280278	3.58726575337e+32
0.400778340676	897	153.093280278	3.58726575337e+32
0.393564062636	898	153.093280278	3.58726575337e+32
0.386350084764	899	153.093280278	3.58726575337e+32
0.379136442407	900	153.093280278	3.58726575337e+32
0.371923172544	901	153.093280278	3.58726575337e+32
0.364710313889	902	153.093280278	3.58726575337e+32
0.357497907012	903	153.093280278	3.58726575337e+32
0.350285994467	904	153.093280278	3.58726575337e+32
0.343074620938	905	153.093280278	3.58726575337e+32
0.335863833389	906	153.093280278	3.58726575337e+32
0.328653681236	907	153.093280278	3.58726575337e+32
0.321444216534	908	153.093280278	3.58726575337e+32
0.314235494183	909	153.093280278	3.58726575337e+32
0.307027572155	910	153.093280278	3.58726575337e+32
0.299820511743	911	153.093280278	3.58726575337e+32
0.292614377843	912	153.093280278	3.58726575337e+32
0.28540923926	913	153.093280278	3.58726575337e+32
0.278205169054	914	153.093280278	3.58726575337e+32
0.271002244923	915	153.093280278	3.58726575337e+32
0.26380054964	916	153.093280278	3.58726575337e+32
0.256600171529	917	153.093280278	3.58726575337e+32
0.249401205019	918	153.093280278	3.58726575337e+32
0.242203751255	919	153.093280278	3.58726575337e+32
0.235007918805	920	153.093280278	3.58726575337e+32
0.227813824452	921	153.093280278	3.58726575337e+32
0.220621594112	922	153.093280278	3.58726575337e+32
0.213431363879	923	153.093280278	3.58726575337e+32
0.206243281232	924	153.093280278	3.58726575337e+32
0.199057506438	925	153.093280278	3.58726575337e+32
0.191874214179	926	153.093280278	3.58726575337e+32
0.184693595461	927	153.093280278	3.58726575337e+32
0.177515859855	928	153.093280278	3.58726575337e+32
0.170341238162	929	153.093280278	3.58726575337e+32
0.163169985574	930	153.093280278	3.58726575337e+32
0.156002385484	931	153.093280278	3.58726575337e+32
0.148838754081	932	153.093280278	3.58726575337e+32
0.141679445965	933	153.093280278	3.58726575337e+32
0.134524861044	934	153.093280278	3.58726575337e+32
0.12737545312	935	153.093280278	3.58726575337e+32
0.120231740658	936	153.093280278	3.58726575337e+32
0.113094320481	937	153.093280278	3.58726575337e+32
