9.749944	0.347354
9.749792	0.952637
9.749373	2.612609
9.748231	7.163790
9.745229	19.614501
9.738911	53.120996
9.732234	134.429640
9.728433	275.506395
9.724633	275.506395
9.720833	275.506395
9.717034	275.506395
9.713236	275.506395
9.709438	275.506395
9.705642	275.506395
9.701846	275.506395
9.698050	275.506395
9.694256	275.506395
9.690462	275.506395
9.686669	275.506395
9.682877	275.506395
9.679085	275.506395
9.675294	275.506395
9.671504	275.506395
9.667715	275.506395
9.663926	275.506395
9.660138	275.506395
9.656351	275.506395
9.652564	275.506395
9.648778	275.506395
9.644993	275.506395
9.641209	275.506395
9.637426	275.506395
9.633643	275.506395
9.629861	275.506395
9.626080	275.506395
9.622299	275.506395
9.618519	275.506395
9.614740	275.506395
9.610962	275.506395
9.607184	275.506395
9.603407	275.506395
9.599631	275.506395
9.595855	275.506395
9.592081	275.506395
9.588307	275.506395
9.584534	275.506395
9.580761	275.506395
9.576989	275.506395
9.573218	275.506395
9.569448	275.506395
9.565679	275.506395
9.561910	275.506395
9.558142	275.506395
9.554375	275.506395
9.550608	275.506395
9.546842	275.506395
9.543077	275.506395
9.539313	275.506395
9.535549	275.506395
9.531786	275.506395
9.528024	275.506395
9.524263	275.506395
9.520502	275.506395
9.516742	275.506395
9.512983	275.506395
9.509225	275.506395
9.505467	275.506395
9.501710	275.506395
9.497954	275.506395
9.494199	275.506395
9.490444	275.506395
9.486690	275.506395
9.482937	275.506395
9.479184	275.506395
9.475433	275.506395
9.471682	275.506395
9.467931	275.506395
9.464182	275.506395
9.460433	275.506395
9.456685	275.506395
9.452938	275.506395
9.449191	275.506395
9.445446	275.506395
9.441701	275.506395
9.437956	275.506395
9.434213	275.506395
9.430470	275.506395
9.426728	275.506395
9.422987	275.506395
9.419246	275.506395
9.415506	275.506395
9.411767	275.506395
9.408029	275.506395
9.404291	275.506395
9.400554	275.506395
9.396818	275.506395
9.393083	275.506395
9.389348	275.506395
9.385615	275.506395
9.381882	275.506395
9.378149	275.506395
9.374418	275.506395
9.370687	275.506395
9.366957	275.506395
9.363227	275.506395
9.359499	275.506395
9.355771	275.506395
9.352044	275.506395
9.348317	275.506395
9.344592	275.506395
9.340867	275.506395
9.337143	275.506395
9.333420	275.506395
9.329697	275.506395
9.325975	275.506395
9.322254	275.506395
9.318534	275.506395
9.314814	275.506395
9.311095	275.506395
9.307377	275.506395
9.303660	275.506395
9.299943	275.506395
9.296227	275.506395
9.292512	275.506395
9.288798	275.506395
9.285084	275.506395
9.281372	275.506395
9.277659	275.506395
9.273948	275.506395
9.270238	275.506395
9.266528	275.506395
9.262819	275.506395
9.259110	275.506395
9.255403	275.506395
9.251696	275.506395
9.247990	275.506395
9.244285	275.506395
9.240580	275.506395
9.236876	275.506395
9.233173	275.506395
9.229471	275.506395
9.225769	275.506395
9.222069	275.506395
9.218369	275.506395
9.214669	275.506395
9.210971	275.506395
9.207273	275.506395
9.203576	275.506395
9.199880	275.506395
9.196184	275.506395
9.192489	275.506395
9.188795	275.506395
9.185102	275.506395
9.181410	275.506395
9.177718	275.506395
9.174027	275.506395
9.170337	275.506395
9.166647	275.506395
9.162959	275.506395
9.159271	275.506395
9.155584	275.506395
9.151897	275.506395
9.148212	275.506395
9.144527	275.506395
9.140843	275.506395
9.137159	275.506395
9.133477	275.506395
9.129795	275.506395
9.126114	275.506395
9.122433	275.506395
9.118754	275.506395
9.115075	275.506395
9.111397	275.506395
9.107719	275.506395
9.104043	275.506395
9.100367	275.506395
9.096692	275.506395
9.093018	275.506395
9.089344	275.506395
9.085672	275.506395
9.082000	275.506395
9.078328	275.506395
9.074658	275.506395
9.070988	275.506395
9.067319	275.506395
9.063651	275.506395
9.059984	275.506395
9.056317	275.506395
9.052651	275.506395
9.048986	275.506395
9.045322	275.506395
9.041658	275.506395
9.037995	275.506395
9.034333	275.506395
9.030672	275.506395
9.027011	275.506395
9.023351	275.506395
9.019692	275.506395
9.016034	275.506395
9.012377	275.506395
9.008720	275.506395
9.005064	275.506395
9.001409	275.506395
8.997754	275.506395
8.994100	275.506395
8.990448	275.506395
8.986795	275.506395
8.983144	275.506395
8.979493	275.506395
8.975843	275.506395
8.972194	275.506395
8.968546	275.506395
8.964898	275.506395
8.961252	275.506395
8.957606	275.506395
8.953960	275.506395
8.950316	275.506395
8.946672	275.506395
8.943029	275.506395
8.939387	275.506395
8.935745	275.506395
8.932105	275.506395
8.928465	275.506395
8.924826	275.506395
8.921187	275.506395
8.917550	275.506395
8.913913	275.506395
8.910277	275.506395
8.906642	275.506395
8.903007	275.506395
8.899373	275.506395
8.895740	275.506395
8.892108	275.506395
8.888477	275.506395
8.884846	275.506395
8.881216	275.506395
8.877587	275.506395
8.873958	275.506395
8.870331	275.506395
8.866704	275.506395
8.863078	275.506395
8.859453	275.506395
8.855828	275.506395
8.852204	275.506395
8.848581	275.506395
8.844959	275.506395
8.841338	275.506395
8.837717	275.506395
8.834097	275.506395
8.830478	275.506395
8.826859	275.506395
8.823242	275.506395
8.819625	275.506395
8.816009	275.506395
8.812394	275.506395
8.808779	275.506395
8.805165	275.506395
8.801552	275.506395
8.797940	275.506395
8.794329	275.506395
8.790718	275.506395
8.787108	275.506395
8.783499	275.506395
8.779891	275.506395
8.776283	275.506395
8.772677	275.506395
8.769070	275.506395
8.765465	275.506395
8.761861	275.506395
8.758257	275.506395
8.754654	275.506395
8.751052	275.506395
8.747451	275.506395
8.743850	275.506395
8.740250	275.506395
8.736651	275.506395
8.733053	275.506395
8.729455	275.506395
8.725859	275.506395
8.722263	275.506395
8.718668	275.506395
8.715073	275.506395
8.711479	275.506395
8.707887	275.506395
8.704295	275.506395
8.700703	275.506395
8.697113	275.506395
8.693523	275.506395
8.689934	275.506395
8.686346	275.506395
8.682758	275.506395
8.679172	275.506395
8.675586	275.506395
8.672001	275.506395
8.668417	275.506395
8.664833	275.506395
8.661250	275.506395
8.657668	275.506395
8.654087	275.506395
8.650507	275.506395
8.646927	275.506395
8.643348	275.506395
8.639770	275.506395
8.636193	275.506395
8.632616	275.506395
8.629040	275.506395
8.625465	275.506395
8.621891	275.506395
8.618318	275.506395
8.614745	275.506395
8.611173	275.506395
8.607602	275.506395
8.604032	275.506395
8.600462	275.506395
8.596894	275.506395
8.593326	275.506395
8.589759	275.506395
8.586192	275.506395
8.582627	275.506395
8.579062	275.506395
8.575498	275.506395
8.571934	275.506395
8.568372	275.506395
8.564810	275.506395
8.561249	275.506395
8.557689	275.506395
8.554130	275.506395
8.550571	275.506395
8.547013	275.506395
8.543456	275.506395
8.539900	275.506395
8.536345	275.506395
8.532790	275.506395
8.529236	275.506395
8.525683	275.506395
8.522131	275.506395
8.518579	275.506395
8.515028	275.506395
8.511478	275.506395
8.507929	275.506395
8.504381	275.506395
8.500833	275.506395
8.497286	275.506395
8.493740	275.506395
8.490195	275.506395
8.486650	275.506395
8.483107	275.506395
8.479564	275.506395
8.476022	275.506395
8.472480	275.506395
8.468940	275.506395
8.465400	275.506395
8.461861	275.506395
8.458323	275.506395
8.454785	275.506395
8.451249	275.506395
8.447713	275.506395
8.444178	275.506395
8.440643	275.506395
8.437110	275.506395
8.433577	275.506395
8.430045	275.506395
8.426514	275.506395
8.422984	275.506395
8.419454	275.506395
8.415925	275.506395
8.412397	275.506395
8.408870	275.506395
8.405344	275.506395
8.401818	275.506395
8.398293	275.506395
8.394769	275.506395
8.391246	275.506395
8.387723	275.506395
8.384201	275.506395
8.380681	275.506395
8.377160	275.506395
8.373641	275.506395
8.370122	275.506395
8.366605	275.506395
8.363088	275.506395
8.359572	275.506395
8.356056	275.506395
8.352542	275.506395
8.349028	275.506395
8.345515	275.506395
8.342002	275.506395
8.338491	275.506395
8.334980	275.506395
8.331470	275.506395
8.327961	275.506395
8.324453	275.506395
8.320945	275.506395
8.317439	275.506395
8.313933	275.506395
8.310428	275.506395
8.306923	275.506395
8.303420	275.506395
8.299917	275.506395
8.296415	275.506395
8.292914	275.506395
8.289413	275.506395
8.285914	275.506395
8.282415	275.506395
8.278917	275.506395
8.275420	275.506395
8.271923	275.506395
8.268428	275.506395
8.264933	275.506395
8.261439	275.506395
8.257945	275.506395
8.254453	275.506395
8.250961	275.506395
8.247470	275.506395
8.243980	275.506395
8.240491	275.506395
8.237002	275.506395
8.233515	275.506395
8.230028	275.506395
8.226541	275.506395
8.223056	275.506395
8.219572	275.506395
8.216088	275.506395
8.212605	275.506395
8.209123	275.506395
8.205641	275.506395
8.202161	275.506395
8.198681	275.506395
8.195202	275.506395
8.191724	275.506395
8.188246	275.506395
8.184770	275.506395
8.181294	275.506395
8.177819	275.506395
8.174344	275.506395
8.170871	275.506395
8.167398	275.506395
8.163927	275.506395
8.160455	275.506395
8.156985	275.506395
8.153516	275.506395
8.150047	275.506395
8.146579	275.506395
8.143112	275.506395
8.139646	275.506395
8.136180	275.506395
8.132716	275.506395
8.129252	275.506395
8.125789	275.506395
8.122326	275.506395
8.118865	275.506395
8.115404	275.506395
8.111944	275.506395
8.108485	275.506395
8.105027	275.506395
8.101569	275.506395
8.098112	275.506395
8.094656	275.506395
8.091201	275.506395
8.087747	275.506395
8.084293	275.506395
8.080841	275.506395
8.077389	275.506395
8.073938	275.506395
8.070487	275.506395
8.067038	275.506395
8.063589	275.506395
8.060141	275.506395
8.056694	275.506395
8.053247	275.506395
8.049802	275.506395
8.046357	275.506395
8.042913	275.506395
8.039470	275.506395
8.036028	275.506395
8.032586	275.506395
8.029145	275.506395
8.025705	275.506395
8.022266	275.506395
8.018828	275.506395
8.015390	275.506395
8.011953	275.506395
8.008518	275.506395
8.005082	275.506395
8.001648	275.506395
7.998214	275.506395
7.994782	275.506395
7.991350	275.506395
7.987919	275.506395
7.984488	275.506395
7.981059	275.506395
7.977630	275.506395
7.974202	275.506395
7.970775	275.506395
7.967348	275.506395
7.963923	275.506395
7.960498	275.506395
7.957074	275.506395
7.953651	275.506395
7.950229	275.506395
7.946807	275.506395
7.943386	275.506395
7.939966	275.506395
7.936547	275.506395
7.933129	275.506395
7.929711	275.506395
7.926294	275.506395
7.922879	275.506395
7.919463	275.506395
7.916049	275.506395
7.912636	275.506395
7.909223	275.506395
7.905811	275.506395
7.902400	275.506395
7.898989	275.506395
7.895580	275.506395
7.892171	275.506395
7.888763	275.506395
7.885356	275.506395
7.881950	275.506395
7.878544	275.506395
7.875140	275.506395
7.871736	275.506395
7.868333	275.506395
7.864930	275.506395
7.861529	275.506395
7.858128	275.506395
7.854728	275.506395
7.851329	275.506395
7.847931	275.506395
7.844534	275.506395
7.841137	275.506395
7.837741	275.506395
7.834346	275.506395
7.830952	275.506395
7.827558	275.506395
7.824166	275.506395
7.820774	275.506395
7.817383	275.506395
7.813993	275.506395
7.810603	275.506395
7.807215	275.506395
7.803827	275.506395
7.800440	275.506395
7.797054	275.506395
7.793668	275.506395
7.790284	275.506395
7.786900	275.506395
7.783517	275.506395
7.780135	275.506395
7.776754	275.506395
7.773373	275.506395
7.769993	275.506395
7.766615	275.506395
7.763236	275.506395
7.759859	275.506395
7.756483	275.506395
7.753107	275.506395
7.749732	275.506395
7.746358	275.506395
7.742985	275.506395
7.739612	275.506395
7.736241	275.506395
7.732870	275.506395
7.729500	275.506395
7.726130	275.506395
7.722762	275.506395
7.719394	275.506395
7.716028	275.506395
7.712662	275.506395
7.709296	275.506395
7.705932	275.506395
7.702569	275.506395
7.699206	275.506395
7.695844	275.506395
7.692483	275.506395
7.689122	275.506395
7.685763	275.506395
7.682404	275.506395
7.679046	275.506395
7.675689	275.506395
7.672333	275.506395
7.668977	275.506395
7.665623	275.506395
7.662269	275.506395
7.658916	275.506395
7.655564	275.506395
7.652212	275.506395
7.648862	275.506395
7.645512	275.506395
7.642163	275.506395
7.638815	275.506395
7.635467	275.506395
7.632121	275.506395
7.628775	275.506395
7.625430	275.506395
7.622086	275.506395
7.618742	275.506395
7.615400	275.506395
7.612058	275.506395
7.608717	275.506395
7.605377	275.506395
7.602038	275.506395
7.598700	275.506395
7.595362	275.506395
7.592025	275.506395
7.588689	275.506395
7.585354	275.506395
7.582019	275.506395
7.578686	275.506395
7.575353	275.506395
7.572021	275.506395
7.568690	275.506395
7.565360	275.506395
7.562030	275.506395
7.558701	275.506395
7.555374	275.506395
7.552046	275.506395
7.548720	275.506395
7.545395	275.506395
7.542070	275.506395
7.538746	275.506395
7.535423	275.506395
7.532101	275.506395
7.528780	275.506395
7.525459	275.506395
7.522139	275.506395
7.518820	275.506395
7.515502	275.506395
7.512185	275.506395
7.508868	275.506395
7.505553	275.506395
7.502238	275.506395
7.498924	275.506395
7.495610	275.506395
7.492298	275.506395
7.488986	275.506395
7.485676	275.506395
7.482366	275.506395
7.479056	275.506395
7.475748	275.506395
7.472441	275.506395
7.469134	275.506395
7.465828	275.506395
7.462523	275.506395
7.459218	275.506395
7.455915	275.506395
7.452612	275.506395
7.449310	275.506395
7.446009	275.506395
7.442709	275.506395
7.439410	275.506395
7.436111	275.506395
7.432813	275.506395
7.429516	275.506395
7.426220	275.506395
7.422925	275.506395
7.419631	275.506395
7.416337	275.506395
7.413044	275.506395
7.409752	275.506395
7.406461	275.506395
7.403170	275.506395
7.399881	275.506395
7.396592	275.506395
7.393304	275.506395
7.390017	275.506395
7.386730	275.506395
7.383445	275.506395
7.380160	275.506395
7.376876	275.506395
7.373593	275.506395
7.370311	275.506395
7.367029	275.506395
7.363749	275.506395
7.360469	275.506395
7.357190	275.506395
7.353912	275.506395
7.350634	275.506395
7.347358	275.506395
7.344082	275.506395
7.340807	275.506395
7.337533	275.506395
7.334260	275.506395
7.330988	275.506395
7.327716	275.506395
7.324445	275.506395
7.321175	275.506395
7.317906	275.506395
7.314638	275.506395
7.311370	275.506395
7.308103	275.506395
7.304837	275.506395
7.301572	275.506395
7.298308	275.506395
7.295045	275.506395
7.291782	275.506395
7.288520	275.506395
7.285259	275.506395
7.281999	275.506395
7.278740	275.506395
7.275481	275.506395
7.272223	275.506395
7.268967	275.506395
7.265710	275.506395
7.262455	275.506395
7.259201	275.506395
7.255947	275.506395
7.252694	275.506395
7.249442	275.506395
7.246191	275.506395
7.242941	275.506395
7.239691	275.506395
7.236443	275.506395
7.233195	275.506395
7.229948	275.506395
7.226702	275.506395
7.223456	275.506395
7.220212	275.506395
7.216968	275.506395
7.213725	275.506395
7.210483	275.506395
7.207241	275.506395
7.204001	275.506395
7.200761	275.506395
7.197522	275.506395
7.194284	275.506395
7.191047	275.506395
7.187811	275.506395
7.184575	275.506395
7.181340	275.506395
7.178107	275.506395
7.174873	275.506395
7.171641	275.506395
7.168410	275.506395
7.165179	275.506395
7.161949	275.506395
7.158720	275.506395
7.155492	275.506395
7.152265	275.506395
7.149038	275.506395
7.145812	275.506395
7.142588	275.506395
7.139364	275.506395
7.136140	275.506395
7.132918	275.506395
7.129696	275.506395
7.126476	275.506395
7.123256	275.506395
7.120036	275.506395
7.116818	275.506395
7.113601	275.506395
7.110384	275.506395
7.107168	275.506395
7.103953	275.506395
7.100739	275.506395
7.097526	275.506395
7.094313	275.506395
7.091101	275.506395
7.087890	275.506395
7.084680	275.506395
7.081471	275.506395
7.078263	275.506395
7.075055	275.506395
7.071848	275.506395
7.068642	275.506395
7.065437	275.506395
7.062233	275.506395
7.059029	275.506395
7.055827	275.506395
7.052625	275.506395
7.049424	275.506395
7.046224	275.506395
7.043024	275.506395
7.039826	275.506395
7.036628	275.506395
7.033431	275.506395
7.030235	275.506395
7.027040	275.506395
7.023845	275.506395
7.020652	275.506395
7.017459	275.506395
7.014267	275.506395
7.011076	275.506395
7.007886	275.506395
7.004696	275.506395
7.001508	275.506395
6.998320	275.506395
6.995133	275.506395
6.991947	275.506395
6.988761	275.506395
6.985577	275.506395
6.982393	275.506395
6.979210	275.506395
6.976028	275.506395
6.972847	275.506395
6.969666	275.506395
6.966487	275.506395
6.963308	275.506395
6.960130	275.506395
6.956953	275.506395
6.953777	275.506395
6.950601	275.506395
6.947427	275.506395
6.944253	275.506395
6.941080	275.506395
6.937908	275.506395
6.934736	275.506395
6.931566	275.506395
6.928396	275.506395
6.925227	275.506395
6.922059	275.506395
6.918892	275.506395
6.915726	275.506395
6.912560	275.506395
6.909396	275.506395
6.906232	275.506395
6.903069	275.506395
6.899906	275.506395
6.896745	275.506395
6.893584	275.506395
6.890425	275.506395
6.887266	275.506395
6.884108	275.506395
6.880950	275.506395
6.877794	275.506395
6.874638	275.506395
6.871484	275.506395
6.868330	275.506395
6.865176	275.506395
6.862024	275.506395
6.858873	275.506395
6.855722	275.506395
6.852572	275.506395
6.849423	275.506395
6.846275	275.506395
6.843128	275.506395
6.839981	275.506395
6.836835	275.506395
6.833691	275.506395
6.830547	275.506395
6.827403	275.506395
6.824261	275.506395
6.821119	275.506395
6.817979	275.506395
6.814839	275.506395
6.811700	275.506395
6.808562	275.506395
6.805424	275.506395
6.802288	275.506395
6.799152	275.506395
6.796017	275.506395
6.792883	275.506395
6.789749	275.506395
6.786617	275.506395
6.783485	275.506395
6.780355	275.506395
6.777225	275.506395
6.774096	275.506395
6.770967	275.506395
6.767840	275.506395
6.764713	275.506395
6.761587	275.506395
6.758462	275.506395
6.755338	275.506395
6.752215	275.506395
6.749092	275.506395
6.745971	275.506395
6.742850	275.506395
6.739730	275.506395
6.736611	275.506395
6.733492	275.506395
6.730375	275.506395
6.727258	275.506395
6.724142	275.506395
6.721027	275.506395
6.717913	275.506395
6.714800	275.506395
6.711687	275.506395
6.708575	275.506395
6.705464	275.506395
6.702354	275.506395
6.699245	275.506395
6.696137	275.506395
6.693029	275.506395
6.689922	275.506395
6.686817	275.506395
6.683711	275.506395
6.680607	275.506395
6.677504	275.506395
6.674401	275.506395
6.671299	275.506395
6.668198	275.506395
6.665098	275.506395
6.661999	275.506395
6.658901	275.506395
6.655803	275.506395
6.652706	275.506395
6.649610	275.506395
6.646515	275.506395
6.643421	275.506395
6.640327	275.506395
6.637235	275.506395
6.634143	275.506395
6.631052	275.506395
6.627962	275.506395
6.624873	275.506395
6.621784	275.506395
6.618696	275.506395
6.615610	275.506395
6.612524	275.506395
6.609439	275.506395
6.606354	275.506395
6.603271	275.506395
6.600188	275.506395
6.597106	275.506395
6.594025	275.506395
6.590945	275.506395
6.587866	275.506395
6.584787	275.506395
6.581710	275.506395
6.578633	275.506395
6.575557	275.506395
6.572482	275.506395
6.569407	275.506395
6.566334	275.506395
6.563261	275.506395
6.560189	275.506395
6.557118	275.506395
6.554048	275.506395
6.550979	275.506395
6.547910	275.506395
6.544842	275.506395
6.541775	275.506395
6.538709	275.506395
6.535644	275.506395
6.532580	275.506395
6.529516	275.506395
6.526454	275.506395
6.523392	275.506395
6.520331	275.506395
6.517270	275.506395
6.514211	275.506395
6.511153	275.506395
6.508095	275.506395
6.505038	275.506395
6.501982	275.506395
6.498927	275.506395
6.495872	275.506395
6.492819	275.506395
6.489766	275.506395
6.486714	275.506395
6.483663	275.506395
6.480613	275.506395
6.477563	275.506395
6.474515	275.506395
6.471467	275.506395
6.468420	275.506395
6.465374	275.506395
6.462329	275.506395
6.459285	275.506395
6.456241	275.506395
6.453198	275.506395
6.450156	275.506395
6.447115	275.506395
6.444075	275.506395
6.441036	275.506395
6.437997	275.506395
6.434959	275.506395
6.431922	275.506395
6.428886	275.506395
6.425851	275.506395
6.422817	275.506395
6.419783	275.506395
6.416750	275.506395
6.413719	275.506395
6.410687	275.506395
6.407657	275.506395
6.404628	275.506395
6.401599	275.506395
6.398572	275.506395
6.395545	275.506395
6.392519	275.506395
6.389493	275.506395
6.386469	275.506395
6.383445	275.506395
6.380423	275.506395
6.377401	275.506395
6.374380	275.506395
6.371359	275.506395
6.368340	275.506395
6.365321	275.506395
6.362304	275.506395
6.359287	275.506395
6.356271	275.506395
6.353255	275.506395
6.350241	275.506395
6.347227	275.506395
6.344215	275.506395
6.341203	275.506395
6.338192	275.506395
6.335182	275.506395
6.332172	275.506395
6.329164	275.506395
6.326156	275.506395
6.323149	275.506395
6.320143	275.506395
6.317138	275.506395
6.314133	275.506395
6.311130	275.506395
6.308127	275.506395
6.305125	275.506395
6.302124	275.506395
6.299124	275.506395
6.296124	275.506395
6.293126	275.506395
6.290128	275.506395
6.287131	275.506395
6.284135	275.506395
6.281140	275.506395
6.278145	275.506395
6.275152	275.506395
6.272159	275.506395
6.269167	275.506395
6.266176	275.506395
6.263186	275.506395
6.260197	275.506395
6.257208	275.506395
6.254220	275.506395
6.251234	275.506395
6.248248	275.506395
6.245262	275.506395
6.242278	275.506395
6.239294	275.506395
6.236312	275.506395
6.233330	275.506395
6.230349	275.506395
6.227369	275.506395
6.224389	275.506395
6.221411	275.506395
6.218433	275.506395
6.215456	275.506395
6.212480	275.506395
6.209505	275.506395
6.206531	275.506395
6.203557	275.506395
6.200584	275.506395
6.197612	275.506395
6.194641	275.506395
6.191671	275.506395
6.188702	275.506395
6.185733	275.506395
6.182766	275.506395
6.179799	275.506395
6.176833	275.506395
6.173868	275.506395
6.170903	275.506395
6.167940	275.506395
6.164977	275.506395
6.162015	275.506395
6.159054	275.506395
6.156094	275.506395
6.153135	275.506395
6.150176	275.506395
6.147219	275.506395
6.144262	275.506395
6.141306	275.506395
6.138351	275.506395
6.135396	275.506395
6.132443	275.506395
6.129490	275.506395
6.126538	275.506395
6.123587	275.506395
6.120637	275.506395
6.117688	275.506395
6.114740	275.506395
6.111792	275.506395
6.108845	275.506395
6.105899	275.506395
6.102954	275.506395
6.100010	275.506395
6.097066	275.506395
6.094124	275.506395
6.091182	275.506395
6.088241	275.506395
6.085301	275.506395
6.082362	275.506395
6.079423	275.506395
6.076485	275.506395
6.073549	275.506395
6.070613	275.506395
6.067678	275.506395
6.064743	275.506395
6.061810	275.506395
6.058877	275.506395
6.055946	275.506395
6.053015	275.506395
6.050085	275.506395
6.047155	275.506395
6.044227	275.506395
6.041299	275.506395
6.038373	275.506395
6.035447	275.506395
6.032522	275.506395
6.029597	275.506395
6.026674	275.506395
6.023751	275.506395
6.020830	275.506395
6.017909	275.506395
6.014989	275.506395
6.012070	275.506395
6.009151	275.506395
6.006234	275.506395
6.003317	275.506395
6.000401	275.506395
5.997486	275.506395
5.994572	275.506395
5.991658	275.506395
5.988746	275.506395
5.985834	275.506395
5.982923	275.506395
5.980013	275.506395
5.977104	275.506395
5.974196	275.506395
5.971288	275.506395
5.968381	275.506395
5.965476	275.506395
5.962571	275.506395
5.959666	275.506395
5.956763	275.506395
5.953861	275.506395
5.950959	275.506395
5.948058	275.506395
5.945158	275.506395
5.942259	275.506395
5.939361	275.506395
5.936463	275.506395
5.933566	275.506395
5.930671	275.506395
5.927776	275.506395
5.924882	275.506395
5.921988	275.506395
5.919096	275.506395
5.916204	275.506395
5.913313	275.506395
5.910423	275.506395
5.907534	275.506395
5.904646	275.506395
5.901758	275.506395
5.898870	275.506395
5.895981	275.506395
5.893092	275.506395
5.890202	275.506395
5.887312	275.506395
5.884421	275.506395
5.881529	275.506395
5.878638	275.506395
5.875745	275.506395
5.872853	275.506395
5.869959	275.506395
5.867065	275.506395
5.864171	275.506395
5.861276	275.506395
5.858381	275.506395
5.855485	275.506395
5.852589	275.506395
5.849692	275.506395
5.846795	275.506395
5.843897	275.506395
5.840999	275.506395
5.838100	275.506395
5.835200	275.506395
5.832301	275.506395
5.829400	275.506395
5.826499	275.506395
5.823598	275.506395
5.820696	275.506395
5.817794	275.506395
5.814891	275.506395
5.811987	275.506395
5.809083	275.506395
5.806179	275.506395
5.803274	275.506395
5.800369	275.506395
5.797463	275.506395
5.794556	275.506395
5.791649	275.506395
5.788742	275.506395
5.785834	275.506395
5.782925	275.506395
5.780016	275.506395
5.777106	275.506395
5.774196	275.506395
5.771286	275.506395
5.768375	275.506395
5.765463	275.506395
5.762551	275.506395
5.759638	275.506395
5.756725	275.506395
5.753811	275.506395
5.750897	275.506395
5.747982	275.506395
5.745067	275.506395
5.742151	275.506395
5.739235	275.506395
5.736318	275.506395
5.733401	275.506395
5.730483	275.506395
5.727564	275.506395
5.724645	275.506395
5.721726	275.506395
5.718806	275.506395
5.715885	275.506395
5.712964	275.506395
5.710043	275.506395
5.707120	275.506395
5.704198	275.506395
5.701275	275.506395
5.698351	275.506395
5.695427	275.506395
5.692502	275.506395
5.689577	275.506395
5.686651	275.506395
5.683724	275.506395
5.680797	275.506395
5.677870	275.506395
5.674942	275.506395
5.672013	275.506395
5.669084	275.506395
5.666155	275.506395
5.663225	275.506395
5.660294	275.506395
5.657363	275.506395
5.654431	275.506395
5.651499	275.506395
5.648566	275.506395
5.645632	275.506395
5.642699	275.506395
5.639764	275.506395
5.636829	275.506395
5.633894	275.506395
5.630957	275.506395
5.628021	275.506395
5.625084	275.506395
5.622146	275.506395
5.619208	275.506395
5.616269	275.506395
5.613330	275.506395
5.610390	275.506395
5.607449	275.506395
5.604508	275.506395
5.601567	275.506395
5.598624	275.506395
5.595682	275.506395
5.592739	275.506395
5.589795	275.506395
5.586851	275.506395
5.583906	275.506395
5.580960	275.506395
5.578014	275.506395
5.575068	275.506395
5.572121	275.506395
5.569173	275.506395
5.566225	275.506395
5.563276	275.506395
5.560327	275.506395
5.557377	275.506395
5.554426	275.506395
5.551475	275.506395
5.548623	275.506395
5.545714	275.506395
5.542837	275.506395
5.539942	275.506395
5.537058	275.506395
5.534167	275.506395
5.531280	275.506395
5.528391	275.506395
5.525503	275.506395
5.522614	275.506395
5.519726	275.506395
5.516837	275.506395
5.513949	275.506395
5.511061	275.506395
5.508172	275.506395
5.505284	275.506395
5.502395	275.506395
5.499507	275.506395
5.496618	275.506395
5.493730	275.506395
5.490842	275.506395
5.487953	275.506395
5.485065	275.506395
5.482176	275.506395
5.479288	275.506395
5.476399	275.506395
5.473511	275.506395
5.470622	275.506395
5.467734	275.506395
5.464845	275.506395
5.461957	275.506395
5.459068	275.506395
5.456179	275.506395
5.453291	275.506395
5.450402	275.506395
5.447514	275.506395
5.444625	275.506395
5.441737	275.506395
5.438848	275.506395
5.435960	275.506395
5.433071	275.506395
5.430182	275.506395
5.427294	275.506395
5.424405	275.506395
5.421517	275.506395
5.418628	275.506395
5.415739	275.506395
5.412851	275.506395
5.409962	275.506395
5.407073	275.506395
5.404185	275.506395
5.401296	275.506395
5.398407	275.506395
5.395519	275.506395
5.392630	275.506395
5.389741	275.506395
5.386853	275.506395
5.383964	275.506395
5.381075	275.506395
5.378187	275.506395
5.375298	275.506395
5.372409	275.506395
5.369520	275.506395
5.366632	275.506395
5.363743	275.506395
5.360854	275.506395
5.357965	275.506395
5.355077	275.506395
5.352188	275.506395
5.349299	275.506395
5.346410	275.506395
5.343522	275.506395
5.340633	275.506395
5.337744	275.506395
5.334855	275.506395
5.331966	275.506395
5.329078	275.506395
5.326189	275.506395
5.323300	275.506395
5.320411	275.506395
5.317522	275.506395
5.314634	275.506395
5.311745	275.506395
5.308856	275.506395
5.305967	275.506395
5.303078	275.506395
5.300189	275.506395
5.297300	275.506395
5.294412	275.506395
5.291523	275.506395
5.288634	275.506395
5.285745	275.506395
5.282856	275.506395
5.279967	275.506395
5.277078	275.506395
5.274189	275.506395
5.271300	275.506395
5.268411	275.506395
5.265522	275.506395
5.262633	275.506395
5.259745	275.506395
5.256856	275.506395
5.253967	275.506395
5.251078	275.506395
5.248189	275.506395
5.245300	275.506395
5.242411	275.506395
5.239522	275.506395
5.236633	275.506395
5.233744	275.506395
5.230855	275.506395
5.227966	275.506395
5.225077	275.506395
5.222188	275.506395
5.219299	275.506395
5.216410	275.506395
5.213521	275.506395
5.210632	275.506395
5.207742	275.506395
5.204853	275.506395
5.201964	275.506395
5.199075	275.506395
5.196186	275.506395
5.193297	275.506395
5.190408	275.506395
5.187519	275.506395
5.184630	275.506395
5.181741	275.506395
5.178852	275.506395
5.175963	275.506395
5.173073	275.506395
5.170184	275.506395
5.167295	275.506395
5.164406	275.506395
5.161517	275.506395
5.158628	275.506395
5.155739	275.506395
5.152849	275.506395
5.149960	275.506395
5.147071	275.506395
5.144182	275.506395
5.141293	275.506395
5.138404	275.506395
5.135514	275.506395
5.132625	275.506395
5.129736	275.506395
5.126847	275.506395
5.123958	275.506395
5.121068	275.506395
5.118179	275.506395
5.115290	275.506395
5.112401	275.506395
5.109511	275.506395
5.106622	275.506395
5.103733	275.506395
5.100844	275.506395
5.097954	275.506395
5.095065	275.506395
5.092176	275.506395
5.089287	275.506395
5.086397	275.506395
5.083508	275.506395
5.080619	275.506395
5.077729	275.506395
5.074840	275.506395
5.071951	275.506395
5.069061	275.506395
5.066172	275.506395
5.063283	275.506395
5.060393	275.506395
5.057504	275.506395
5.054615	275.506395
5.051725	275.506395
5.048836	275.506395
5.045947	275.506395
5.043057	275.506395
5.040168	275.506395
5.037279	275.506395
5.034389	275.506395
5.031500	275.506395
5.028611	275.506395
5.025721	275.506395
5.022832	275.506395
5.019942	275.506395
5.017053	275.506395
5.014163	275.506395
5.011274	275.506395
5.008385	275.506395
5.005495	275.506395
5.002606	275.506395
4.999716	275.506395
4.996827	275.506395
4.993937	275.506395
4.991048	275.506395
4.988159	275.506395
4.985269	275.506395
4.982380	275.506395
4.979490	275.506395
4.976601	275.506395
4.973711	275.506395
4.970822	275.506395
4.967932	275.506395
4.965043	275.506395
4.962153	275.506395
4.959264	275.506395
4.956374	275.506395
4.953485	275.506395
4.950595	275.506395
4.947706	275.506395
4.944816	275.506395
4.941927	275.506395
4.939037	275.506395
4.936147	275.506395
4.933258	275.506395
4.930368	275.506395
4.927479	275.506395
4.924589	275.506395
4.921700	275.506395
4.918810	275.506395
4.915920	275.506395
4.913031	275.506395
4.910141	275.506395
4.907252	275.506395
4.904362	275.506395
4.901472	275.506395
4.898583	275.506395
4.895693	275.506395
4.892804	275.506395
4.889914	275.506395
4.887024	275.506395
4.884135	275.506395
4.881245	275.506395
4.878355	275.506395
4.875466	275.506395
4.872576	275.506395
4.869686	275.506395
4.866797	275.506395
4.863907	275.506395
4.861017	275.506395
4.858128	275.506395
4.855238	275.506395
4.852348	275.506395
4.849459	275.506395
4.846569	275.506395
4.843679	275.506395
4.840790	275.506395
4.837900	275.506395
4.835010	275.506395
4.832121	275.506395
4.829231	275.506395
4.826341	275.506395
4.823451	275.506395
4.820562	275.506395
4.817672	275.506395
4.814782	275.506395
4.811892	275.506395
4.809003	275.506395
4.806113	275.506395
4.803223	275.506395
4.800333	275.506395
4.797444	275.506395
4.794554	275.506395
4.791664	275.506395
4.788774	275.506395
4.785884	275.506395
4.782995	275.506395
4.780105	275.506395
4.777215	275.506395
4.774325	275.506395
4.771435	275.506395
4.768546	275.506395
4.765656	275.506395
4.762766	275.506395
4.759876	275.506395
4.756986	275.506395
4.754096	275.506395
4.751207	275.506395
4.748317	275.506395
4.745427	275.506395
4.742537	275.506395
4.739647	275.506395
4.736757	275.506395
4.733867	275.506395
4.730978	275.506395
4.728088	275.506395
4.725198	275.506395
4.722308	275.506395
4.719418	275.506395
4.716528	275.506395
4.713638	275.506395
4.710748	275.506395
4.707858	275.506395
4.704968	275.506395
4.702079	275.506395
4.699189	275.506395
4.696299	275.506395
4.693409	275.506395
4.690519	275.506395
4.687629	275.506395
4.684739	275.506395
4.681849	275.506395
4.678959	275.506395
4.676069	275.506395
4.673179	275.506395
4.670289	275.506395
4.667399	275.506395
4.664509	275.506395
4.661619	275.506395
4.658729	275.506395
4.655839	275.506395
4.652949	275.506395
4.650059	275.506395
4.647169	275.506395
4.644279	275.506395
4.641389	275.506395
4.638499	275.506395
4.635609	275.506395
4.632719	275.506395
4.629829	275.506395
4.626939	275.506395
4.624049	275.506395
4.621159	275.506395
4.618269	275.506395
4.615379	275.506395
4.612489	275.506395
4.609599	275.506395
4.606709	275.506395
4.603819	275.506395
4.600929	275.506395
4.598039	275.506395
4.595149	275.506395
4.592259	275.506395
4.589369	275.506395
4.586479	275.506395
4.583589	275.506395
4.580699	275.506395
4.577808	275.506395
4.574918	275.506395
4.572028	275.506395
4.569138	275.506395
4.566248	275.506395
4.563358	275.506395
4.560468	275.506395
4.557578	275.506395
4.554688	275.506395
4.551797	275.506395
4.548907	275.506395
4.546017	275.506395
4.543127	275.506395
4.540237	275.506395
4.537347	275.506395
4.534457	275.506395
4.531567	275.506395
4.528676	275.506395
4.525786	275.506395
4.522896	275.506395
4.520006	275.506395
4.517116	275.506395
4.514226	275.506395
4.511335	275.506395
4.508445	275.506395
4.505555	275.506395
4.502665	275.506395
4.499775	275.506395
4.496885	275.506395
4.493994	275.506395
4.491104	275.506395
4.488214	275.506395
4.485324	275.506395
4.482434	275.506395
4.479543	275.506395
4.476653	275.506395
4.473763	275.506395
4.470873	275.506395
4.467983	275.506395
4.465092	275.506395
4.462202	275.506395
4.459312	275.506395
4.456422	275.506395
4.453531	275.506395
4.450641	275.506395
4.447751	275.506395
4.444861	275.506395
4.441970	275.506395
4.439080	275.506395
4.436190	275.506395
4.433300	275.506395
4.430409	275.506395
4.427519	275.506395
4.424629	275.506395
4.421739	275.506395
4.418848	275.506395
4.415958	275.506395
4.413068	275.506395
4.410177	275.506395
4.407287	275.506395
4.404397	275.506395
4.401507	275.506395
4.398616	275.506395
4.395726	275.506395
4.392836	275.506395
4.389945	275.506395
4.387055	275.506395
4.384165	275.506395
4.381274	275.506395
4.378384	275.506395
4.375494	275.506395
4.372604	275.506395
4.369713	275.506395
4.366823	275.506395
4.363933	275.506395
4.361042	275.506395
4.358152	275.506395
4.355262	275.506395
4.352371	275.506395
4.349481	275.506395
4.346590	275.506395
4.343700	275.506395
4.340810	275.506395
4.337919	275.506395
4.335029	275.506395
4.332139	275.506395
4.329248	275.506395
4.326358	275.506395
4.323468	275.506395
4.320577	275.506395
4.317687	275.506395
4.314796	275.506395
4.311906	275.506395
4.309016	275.506395
4.306125	275.506395
4.303235	275.506395
4.300344	275.506395
4.297454	275.506395
4.294564	275.506395
4.291673	275.506395
4.288783	275.506395
4.285892	275.506395
4.283002	275.506395
4.280112	275.506395
4.277221	275.506395
4.274331	275.506395
4.271440	275.506395
4.268550	275.506395
4.265660	275.506395
4.262769	275.506395
4.259879	275.506395
4.256988	275.506395
4.254098	275.506395
4.251207	275.506395
4.248317	275.506395
4.245427	275.506395
4.242536	275.506395
4.239646	275.506395
4.236755	275.506395
4.233865	275.506395
4.230974	275.506395
4.228084	275.506395
4.225193	275.506395
4.222303	275.506395
4.219412	275.506395
4.216522	275.506395
4.213631	275.506395
4.210741	275.506395
4.207851	275.506395
4.204960	275.506395
4.202070	275.506395
4.199179	275.506395
4.196289	275.506395
4.193398	275.506395
4.190508	275.506395
4.187617	275.506395
4.184727	275.506395
4.181836	275.506395
4.178946	275.506395
4.176055	275.506395
4.173165	275.506395
4.170274	275.506395
4.167384	275.506395
4.164493	275.506395
4.161603	275.506395
4.158712	275.506395
4.155822	275.506395
4.152931	275.506395
4.150041	275.506395
4.147150	275.506395
4.144260	275.506395
4.141369	275.506395
4.138478	275.506395
4.135588	275.506395
4.132697	275.506395
4.129807	275.506395
4.126916	275.506395
4.124026	275.506395
4.121135	275.506395
4.118245	275.506395
4.115354	275.506395
4.112464	275.506395
4.109573	275.506395
4.106683	275.506395
4.103792	275.506395
4.100901	275.506395
4.098011	275.506395
4.095120	275.506395
4.092230	275.506395
4.089339	275.506395
4.086449	275.506395
4.083558	275.506395
4.080668	275.506395
4.077777	275.506395
4.074886	275.506395
4.071996	275.506395
4.069105	275.506395
4.066215	275.506395
4.063324	275.506395
4.060434	275.506395
4.057543	275.506395
4.054652	275.506395
4.051762	275.506395
4.048871	275.506395
4.045981	275.506395
4.043090	275.506395
4.040199	275.506395
4.037309	275.506395
4.034418	275.506395
4.031528	275.506395
4.028637	275.506395
4.025746	275.506395
4.022856	275.506395
4.019965	275.506395
4.017075	275.506395
4.014184	275.506395
4.011293	275.506395
4.008403	275.506395
4.005512	275.506395
4.002622	275.506395
3.999731	275.506395
3.996840	275.506395
3.993950	275.506395
3.991059	275.506395
3.988169	275.506395
3.985278	275.506395
3.982387	275.506395
3.979497	275.506395
3.976606	275.506395
3.973716	275.506395
3.970825	275.506395
3.967934	275.506395
3.965044	275.506395
3.962153	275.506395
3.959262	275.506395
3.956372	275.506395
3.953481	275.506395
3.950591	275.506395
3.947700	275.506395
3.944809	275.506395
3.941919	275.506395
3.939028	275.506395
3.936137	275.506395
3.933247	275.506395
3.930356	275.506395
3.927465	275.506395
3.924575	275.506395
3.921684	275.506395
3.918794	275.506395
3.915903	275.506395
3.913012	275.506395
3.910122	275.506395
3.907231	275.506395
3.904340	275.506395
3.901450	275.506395
3.898559	275.506395
3.895668	275.506395
3.892778	275.506395
3.889887	275.506395
3.886996	275.506395
3.884106	275.506395
3.881215	275.506395
3.878324	275.506395
3.875434	275.506395
3.872543	275.506395
3.869652	275.506395
3.866762	275.506395
3.863871	275.506395
3.860980	275.506395
3.858090	275.506395
3.855199	275.506395
3.852308	275.506395
3.849418	275.506395
3.846527	275.506395
3.843637	275.506395
3.840746	275.506395
3.837855	275.506395
3.834965	275.506395
3.832074	275.506395
3.829183	275.506395
3.826293	275.506395
3.823402	275.506395
3.820511	275.506395
3.817621	275.506395
3.814730	275.506395
3.811839	275.506395
3.808948	275.506395
3.806058	275.506395
3.803167	275.506395
3.800276	275.506395
3.797386	275.506395
3.794495	275.506395
3.791604	275.506395
3.788714	275.506395
3.785823	275.506395
3.782932	275.506395
3.780042	275.506395
3.777151	275.506395
3.774260	275.506395
3.771370	275.506395
3.768479	275.506395
3.765588	275.506395
3.762698	275.506395
3.759807	275.506395
3.756916	275.506395
3.754026	275.506395
3.751135	275.506395
3.748244	275.506395
3.745354	275.506395
3.742463	275.506395
3.739572	275.506395
3.736682	275.506395
3.733791	275.506395
3.730900	275.506395
3.728010	275.506395
3.725119	275.506395
3.722228	275.506395
3.719338	275.506395
3.716447	275.506395
3.713556	275.506395
3.710666	275.506395
3.707775	275.506395
3.704884	275.506395
3.701994	275.506395
3.699103	275.506395
3.696212	275.506395
3.693321	275.506395
3.690431	275.506395
3.687540	275.506395
3.684649	275.506395
3.681759	275.506395
3.678868	275.506395
3.675977	275.506395
3.673087	275.506395
3.670196	275.506395
3.667305	275.506395
3.664415	275.506395
3.661524	275.506395
3.658633	275.506395
3.655743	275.506395
3.652852	275.506395
3.649961	275.506395
3.647071	275.506395
3.644180	275.506395
3.641289	275.506395
3.638399	275.506395
3.635508	275.506395
3.632617	275.506395
3.629727	275.506395
3.626836	275.506395
3.623945	275.506395
3.621055	275.506395
3.618164	275.506395
3.615273	275.506395
3.612383	275.506395
3.609492	275.506395
3.606601	275.506395
3.603711	275.506395
3.600820	275.506395
3.597929	275.506395
3.595039	275.506395
3.592148	275.506395
3.589257	275.506395
3.586367	275.506395
3.583476	275.506395
3.580585	275.506395
3.577695	275.506395
3.574804	275.506395
3.571913	275.506395
3.569023	275.506395
3.566132	275.506395
3.563241	275.506395
3.560351	275.506395
3.557460	275.506395
3.554569	275.506395
3.551679	275.506395
3.548788	275.506395
3.545898	275.506395
3.543007	275.506395
3.540116	275.506395
3.537226	275.506395
3.534335	275.506395
3.531444	275.506395
3.528554	275.506395
3.525663	275.506395
3.522772	275.506395
3.519882	275.506395
3.516991	275.506395
3.514101	275.506395
3.511210	275.506395
3.508319	275.506395
3.505429	275.506395
3.502538	275.506395
3.499647	275.506395
3.496757	275.506395
3.493866	275.506395
3.490975	275.506395
3.488085	275.506395
3.485194	275.506395
3.482304	275.506395
3.479413	275.506395
3.476522	275.506395
3.473632	275.506395
3.470741	275.506395
3.467851	275.506395
3.464960	275.506395
3.462069	275.506395
3.459179	275.506395
3.456288	275.506395
3.453397	275.506395
3.450507	275.506395
3.447616	275.506395
3.444726	275.506395
3.441835	275.506395
3.438944	275.506395
3.436054	275.506395
3.433163	275.506395
3.430273	275.506395
3.427382	275.506395
3.424492	275.506395
3.421601	275.506395
3.418710	275.506395
3.415820	275.506395
3.412929	275.506395
3.410039	275.506395
3.407148	275.506395
3.404257	275.506395
3.401367	275.506395
3.398476	275.506395
3.395586	275.506395
3.392695	275.506395
3.389805	275.506395
3.386914	275.506395
3.384023	275.506395
3.381133	275.506395
3.378242	275.506395
3.375352	275.506395
3.372461	275.506395
3.369571	275.506395
3.366680	275.506395
3.363790	275.506395
3.360899	275.506395
3.358008	275.506395
3.355118	275.506395
3.352227	275.506395
3.349337	275.506395
3.346446	275.506395
3.343556	275.506395
3.340665	275.506395
3.337775	275.506395
3.334884	275.506395
3.331994	275.506395
3.329103	275.506395
3.326213	275.506395
3.323322	275.506395
3.320432	275.506395
3.317541	275.506395
3.314651	275.506395
3.311760	275.506395
3.308870	275.506395
3.305979	275.506395
3.303089	275.506395
3.300198	275.506395
3.297308	275.506395
3.294417	275.506395
3.291527	275.506395
3.288636	275.506395
3.285746	275.506395
3.282855	275.506395
3.279965	275.506395
3.277074	275.506395
3.274184	275.506395
3.271293	275.506395
3.268403	275.506395
3.265512	275.506395
3.262622	275.506395
3.259731	275.506395
3.256841	275.506395
3.253951	275.506395
3.251060	275.506395
3.248170	275.506395
3.245279	275.506395
3.242389	275.506395
3.239498	275.506395
3.236608	275.506395
3.233717	275.506395
3.230827	275.506395
3.227937	275.506395
3.225046	275.506395
3.222156	275.506395
3.219265	275.506395
3.216375	275.506395
3.213485	275.506395
3.210594	275.506395
3.207704	275.506395
3.204813	275.506395
3.201923	275.506395
3.199033	275.506395
3.196142	275.506395
3.193252	275.506395
3.190361	275.506395
3.187471	275.506395
3.184581	275.506395
3.181690	275.506395
3.178800	275.506395
3.175910	275.506395
3.173019	275.506395
3.170129	275.506395
3.167238	275.506395
3.164348	275.506395
3.161458	275.506395
3.158567	275.506395
3.155677	275.506395
3.152787	275.506395
3.149896	275.506395
3.147006	275.506395
3.144116	275.506395
3.141225	275.506395
3.138335	275.506395
3.135445	275.506395
3.132554	275.506395
3.129664	275.506395
3.126774	275.506395
3.123884	275.506395
3.120993	275.506395
3.118103	275.506395
3.115213	275.506395
3.112322	275.506395
3.109432	275.506395
3.106542	275.506395
3.103652	275.506395
3.100761	275.506395
3.097871	275.506395
3.094981	275.506395
3.092091	275.506395
3.089200	275.506395
3.086310	275.506395
3.083420	275.506395
3.080530	275.506395
3.077639	275.506395
3.074749	275.506395
3.071859	275.506395
3.068969	275.506395
3.066078	275.506395
3.063188	275.506395
3.060298	275.506395
3.057408	275.506395
3.054518	275.506395
3.051627	275.506395
3.048737	275.506395
3.045847	275.506395
3.042957	275.506395
3.040067	275.506395
3.037177	275.506395
3.034286	275.506395
3.031396	275.506395
3.028506	275.506395
3.025616	275.506395
3.022726	275.506395
3.019836	275.506395
3.016945	275.506395
3.014055	275.506395
3.011165	275.506395
3.008275	275.506395
3.005385	275.506395
3.002495	275.506395
2.999605	275.506395
2.996715	275.506395
2.993825	275.506395
2.990934	275.506395
2.988044	275.506395
2.985154	275.506395
2.982264	275.506395
2.979374	275.506395
2.976484	275.506395
2.973594	275.506395
2.970704	275.506395
2.967814	275.506395
2.964924	275.506395
2.962034	275.506395
2.959144	275.506395
2.956254	275.506395
2.953364	275.506395
2.950474	275.506395
2.947584	275.506395
2.944694	275.506395
2.941804	275.506395
2.938914	275.506395
2.936024	275.506395
2.933134	275.506395
2.930244	275.506395
2.927354	275.506395
2.924464	275.506395
2.921574	275.506395
2.918684	275.506395
2.915794	275.506395
2.912904	275.506395
2.910014	275.506395
2.907124	275.506395
2.904234	275.506395
2.901344	275.506395
2.898454	275.506395
2.895564	275.506395
2.892674	275.506395
2.889785	275.506395
2.886895	275.506395
2.884005	275.506395
2.881115	275.506395
2.878225	275.506395
2.875335	275.506395
2.872445	275.506395
2.869555	275.506395
2.866666	275.506395
2.863776	275.506395
2.860886	275.506395
2.857996	275.506395
2.855106	275.506395
2.852216	275.506395
2.849326	275.506395
2.846437	275.506395
2.843547	275.506395
2.840657	275.506395
2.837767	275.506395
2.834878	275.506395
2.831988	275.506395
2.829098	275.506395
2.826208	275.506395
2.823318	275.506395
2.820429	275.506395
2.817539	275.506395
2.814649	275.506395
2.811759	275.506395
2.808870	275.506395
2.805980	275.506395
2.803090	275.506395
2.800201	275.506395
2.797311	275.506395
2.794421	275.506395
2.791531	275.506395
2.788642	275.506395
2.785752	275.506395
2.782862	275.506395
2.779973	275.506395
2.777083	275.506395
2.774194	275.506395
2.771304	275.506395
2.768414	275.506395
2.765525	275.506395
2.762635	275.506395
2.759745	275.506395
2.756856	275.506395
2.753966	275.506395
2.751077	275.506395
2.748187	275.506395
2.745297	275.506395
2.742408	275.506395
2.739518	275.506395
2.736629	275.506395
2.733739	275.506395
2.730850	275.506395
2.727960	275.506395
2.725071	275.506395
2.722181	275.506395
2.719292	275.506395
2.716402	275.506395
2.713513	275.506395
2.710623	275.506395
2.707734	275.506395
2.704844	275.506395
2.701955	275.506395
2.699065	275.506395
2.696176	275.506395
2.693286	275.506395
2.690397	275.506395
2.687508	275.506395
2.684618	275.506395
2.681729	275.506395
2.678839	275.506395
2.675950	275.506395
2.673061	275.506395
2.670171	275.506395
2.667282	275.506395
2.664392	275.506395
2.661503	275.506395
2.658614	275.506395
2.655724	275.506395
2.652835	275.506395
2.649946	275.506395
2.647056	275.506395
2.644167	275.506395
2.641278	275.506395
2.638389	275.506395
2.635499	275.506395
2.632610	275.506395
2.629721	275.506395
2.626832	275.506395
2.623942	275.506395
2.621053	275.506395
2.618164	275.506395
2.615275	275.506395
2.612385	275.506395
2.609496	275.506395
2.606607	275.506395
2.603718	275.506395
2.600829	275.506395
2.597940	275.506395
2.595050	275.506395
2.592161	275.506395
2.589272	275.506395
2.586383	275.506395
2.583494	275.506395
2.580605	275.506395
2.577716	275.506395
2.574827	275.506395
2.571937	275.506395
2.569048	275.506395
2.566159	275.506395
2.563270	275.506395
2.560381	275.506395
2.557492	275.506395
2.554603	275.506395
2.551714	275.506395
2.548825	275.506395
2.545936	275.506395
2.543047	275.506395
2.540158	275.506395
2.537269	275.506395
2.534380	275.506395
2.531491	275.506395
2.528602	275.506395
2.525713	275.506395
2.522825	275.506395
2.519936	275.506395
2.517047	275.506395
2.514158	275.506395
2.511269	275.506395
2.508380	275.506395
2.505491	275.506395
2.502602	275.506395
2.499714	275.506395
2.496825	275.506395
2.493936	275.506395
2.491047	275.506395
2.488158	275.506395
2.485269	275.506395
2.482381	275.506395
2.479492	275.506395
2.476603	275.506395
2.473714	275.506395
2.470826	275.506395
2.467937	275.506395
2.465048	275.506395
2.462160	275.506395
2.459271	275.506395
2.456382	275.506395
2.453494	275.506395
2.450605	275.506395
2.447716	275.506395
2.444828	275.506395
2.441939	275.506395
2.439050	275.506395
2.436162	275.506395
2.433273	275.506395
2.430385	275.506395
2.427496	275.506395
2.424607	275.506395
2.421719	275.506395
2.418830	275.506395
2.415942	275.506395
2.413053	275.506395
2.410165	275.506395
2.407276	275.506395
2.404388	275.506395
2.401499	275.506395
2.398611	275.506395
2.395722	275.506395
2.392834	275.506395
2.389945	275.506395
2.387057	275.506395
2.384169	275.506395
2.381280	275.506395
2.378392	275.506395
2.375503	275.506395
2.372615	275.506395
2.369727	275.506395
2.366838	275.506395
2.363950	275.506395
2.361062	275.506395
2.358174	275.506395
2.355285	275.506395
2.352397	275.506395
2.349509	275.506395
2.346620	275.506395
2.343732	275.506395
2.340844	275.506395
2.337956	275.506395
2.335068	275.506395
2.332179	275.506395
2.329291	275.506395
2.326403	275.506395
2.323515	275.506395
2.320627	275.506395
2.317739	275.506395
2.314850	275.506395
2.311962	275.506395
2.309074	275.506395
2.306186	275.506395
2.303298	275.506395
2.300410	275.506395
2.297522	275.506395
2.294634	275.506395
2.291746	275.506395
2.288858	275.506395
2.285970	275.506395
2.283082	275.506395
2.280194	275.506395
2.277306	275.506395
2.274418	275.506395
2.271530	275.506395
2.268642	275.506395
2.265754	275.506395
2.262867	275.506395
2.259979	275.506395
2.257091	275.506395
2.254203	275.506395
2.251315	275.506395
2.248427	275.506395
2.245540	275.506395
2.242652	275.506395
2.239764	275.506395
2.236876	275.506395
2.233988	275.506395
2.231101	275.506395
2.228213	275.506395
2.225325	275.506395
2.222438	275.506395
2.219550	275.506395
2.216662	275.506395
2.213775	275.506395
2.210887	275.506395
2.207999	275.506395
2.205112	275.506395
2.202224	275.506395
2.199337	275.506395
2.196449	275.506395
2.193562	275.506395
2.190674	275.506395
2.187786	275.506395
2.184899	275.506395
2.182011	275.506395
2.179124	275.506395
2.176237	275.506395
2.173349	275.506395
2.170462	275.506395
2.167574	275.506395
2.164687	275.506395
2.161799	275.506395
2.158912	275.506395
2.156025	275.506395
2.153137	275.506395
2.150250	275.506395
2.147363	275.506395
2.144475	275.506395
2.141588	275.506395
2.138701	275.506395
2.135814	275.506395
2.132926	275.506395
2.130039	275.506395
2.127152	275.506395
2.124265	275.506395
2.121378	275.506395
2.118490	275.506395
2.115603	275.506395
2.112716	275.506395
2.109829	275.506395
2.106942	275.506395
2.104055	275.506395
2.101168	275.506395
2.098281	275.506395
2.095394	275.506395
2.092507	275.506395
2.089620	275.506395
2.086733	275.506395
2.083846	275.506395
2.080959	275.506395
2.078072	275.506395
2.075185	275.506395
2.072298	275.506395
2.069411	275.506395
2.066524	275.506395
2.063638	275.506395
2.060751	275.506395
2.057864	275.506395
2.054977	275.506395
2.052090	275.506395
2.049204	275.506395
2.046317	275.506395
2.043430	275.506395
2.040543	275.506395
2.037657	275.506395
2.034770	275.506395
2.031883	275.506395
2.028997	275.506395
2.026110	275.506395
2.023223	275.506395
2.020337	275.506395
2.017450	275.506395
2.014564	275.506395
2.011677	275.506395
2.008791	275.506395
2.005904	275.506395
2.003018	275.506395
2.000131	275.506395
1.997245	275.506395
1.994358	275.506395
1.991472	275.506395
1.988586	275.506395
1.985699	275.506395
1.982813	275.506395
1.979927	275.506395
1.977040	275.506395
1.974154	275.506395
1.971268	275.506395
1.968381	275.506395
1.965495	275.506395
1.962609	275.506395
1.959723	275.506395
1.956836	275.506395
1.953950	275.506395
1.951064	275.506395
1.948178	275.506395
1.945292	275.506395
1.942406	275.506395
1.939520	275.506395
1.936634	275.506395
1.933748	275.506395
1.930862	275.506395
1.927976	275.506395
1.925090	275.506395
1.922204	275.506395
1.919318	275.506395
1.916432	275.506395
1.913546	275.506395
1.910660	275.506395
1.907774	275.506395
1.904888	275.506395
1.902003	275.506395
1.899117	275.506395
1.896231	275.506395
1.893345	275.506395
1.890459	275.506395
1.887574	275.506395
1.884688	275.506395
1.881802	275.506395
1.878917	275.506395
1.876031	275.506395
1.873145	275.506395
1.870260	275.506395
1.867374	275.506395
1.864489	275.506395
1.861603	275.506395
1.858718	275.506395
1.855832	275.506395
1.852947	275.506395
1.850061	275.506395
1.847176	275.506395
1.844290	275.506395
1.841405	275.506395
1.838520	275.506395
1.835634	275.506395
1.832749	275.506395
1.829864	275.506395
1.826978	275.506395
1.824093	275.506395
1.821208	275.506395
1.818323	275.506395
1.815438	275.506395
1.812552	275.506395
1.809667	275.506395
1.806782	275.506395
1.803897	275.506395
1.801012	275.506395
1.798127	275.506395
1.795242	275.506395
1.792357	275.506395
1.789472	275.506395
1.786587	275.506395
1.783702	275.506395
1.780817	275.506395
1.777932	275.506395
1.775047	275.506395
1.772162	275.506395
1.769278	275.506395
1.766393	275.506395
1.763508	275.506395
1.760623	275.506395
1.757738	275.506395
1.754854	275.506395
1.751969	275.506395
1.749084	275.506395
1.746200	275.506395
1.743315	275.506395
1.740431	275.506395
1.737546	275.506395
1.734661	275.506395
1.731777	275.506395
1.728892	275.506395
1.726008	275.506395
1.723123	275.506395
1.720239	275.506395
1.717355	275.506395
1.714470	275.506395
1.711586	275.506395
1.708702	275.506395
1.705817	275.506395
1.702933	275.506395
1.700049	275.506395
1.697165	275.506395
1.694280	275.506395
1.691396	275.506395
1.688512	275.506395
1.685628	275.506395
1.682744	275.506395
1.679860	275.506395
1.676976	275.506395
1.674092	275.506395
1.671208	275.506395
1.668324	275.506395
1.665440	275.506395
1.662556	275.506395
1.659672	275.506395
1.656788	275.506395
1.653904	275.506395
1.651020	275.506395
1.648137	275.506395
1.645253	275.506395
1.642369	275.506395
1.639485	275.506395
1.636602	275.506395
1.633718	275.506395
1.630835	275.506395
1.627951	275.506395
1.625067	275.506395
1.622184	275.506395
1.619300	275.506395
1.616417	275.506395
1.613533	275.506395
1.610650	275.506395
1.607766	275.506395
1.604883	275.506395
1.602000	275.506395
1.599116	275.506395
1.596233	275.506395
1.593350	275.506395
1.590467	275.506395
1.587583	275.506395
1.584700	275.506395
1.581817	275.506395
1.578934	275.506395
1.576051	275.506395
1.573168	275.506395
1.570285	275.506395
1.567402	275.506395
1.564519	275.506395
1.561636	275.506395
1.558753	275.506395
1.555870	275.506395
1.552987	275.506395
1.550104	275.506395
1.547222	275.506395
1.544339	275.506395
1.541456	275.506395
1.538573	275.506395
1.535691	275.506395
1.532808	275.506395
1.529925	275.506395
1.527043	275.506395
1.524160	275.506395
1.521278	275.506395
1.518395	275.506395
1.515513	275.506395
1.512630	275.506395
1.509748	275.506395
1.506866	275.506395
1.503983	275.506395
1.501101	275.506395
1.498219	275.506395
1.495336	275.506395
1.492454	275.506395
1.489572	275.506395
1.486690	275.506395
1.483808	275.506395
1.480926	275.506395
1.478043	275.506395
1.475161	275.506395
1.472279	275.506395
1.469398	275.506395
1.466516	275.506395
1.463634	275.506395
1.460752	275.506395
1.457870	275.506395
1.454988	275.506395
1.452106	275.506395
1.449225	275.506395
1.446343	275.506395
1.443461	275.506395
1.440580	275.506395
1.437698	275.506395
1.434817	275.506395
1.431935	275.506395
1.429054	275.506395
1.426172	275.506395
1.423291	275.506395
1.420409	275.506395
1.417528	275.506395
1.414647	275.506395
1.411765	275.506395
1.408884	275.506395
1.406003	275.506395
1.403122	275.506395
1.400240	275.506395
1.397359	275.506395
1.394478	275.506395
1.391597	275.506395
1.388716	275.506395
1.385835	275.506395
1.382954	275.506395
1.380073	275.506395
1.377193	275.506395
1.374312	275.506395
1.371431	275.506395
1.368550	275.506395
1.365670	275.506395
1.362789	275.506395
1.359908	275.506395
1.357028	275.506395
1.354147	275.506395
1.351266	275.506395
1.348386	275.506395
1.345506	275.506395
1.342625	275.506395
1.339745	275.506395
1.336864	275.506395
1.333984	275.506395
1.331104	275.506395
1.328224	275.506395
1.325343	275.506395
1.322463	275.506395
1.319583	275.506395
1.316703	275.506395
1.313823	275.506395
1.310943	275.506395
1.308063	275.506395
1.305183	275.506395
1.302303	275.506395
1.299424	275.506395
1.296544	275.506395
1.293664	275.506395
1.290784	275.506395
1.287905	275.506395
1.285025	275.506395
1.282145	275.506395
1.279266	275.506395
1.276386	275.506395
1.273507	275.506395
1.270627	275.506395
1.267748	275.506395
1.264869	275.506395
1.261989	275.506395
1.259110	275.506395
1.256231	275.506395
1.253352	275.506395
1.250473	275.506395
1.247593	275.506395
1.244714	275.506395
1.241835	275.506395
1.238956	275.506395
1.236078	275.506395
1.233199	275.506395
1.230320	275.506395
1.227441	275.506395
1.224562	275.506395
1.221684	275.506395
1.218805	275.506395
1.215926	275.506395
1.213048	275.506395
1.210169	275.506395
1.207291	275.506395
1.204412	275.506395
1.201534	275.506395
1.198656	275.506395
1.195777	275.506395
1.192899	275.506395
1.190021	275.506395
1.187143	275.506395
1.184264	275.506395
1.181386	275.506395
1.178508	275.506395
1.175630	275.506395
1.172752	275.506395
1.169875	275.506395
1.166997	275.506395
1.164119	275.506395
1.161241	275.506395
1.158364	275.506395
1.155486	275.506395
1.152608	275.506395
1.149731	275.506395
1.146853	275.506395
1.143976	275.506395
1.141098	275.506395
1.138221	275.506395
1.135344	275.506395
1.132466	275.506395
1.129589	275.506395
1.126712	275.506395
1.123835	275.506395
1.120958	275.506395
1.118081	275.506395
1.115204	275.506395
1.112327	275.506395
1.109450	275.506395
1.106573	275.506395
1.103697	275.506395
1.100820	275.506395
1.097943	275.506395
1.095067	275.506395
1.092190	275.506395
1.089314	275.506395
1.086437	275.506395
1.083561	275.506395
1.080684	275.506395
1.077808	275.506395
1.074932	275.506395
1.072056	275.506395
1.069180	275.506395
1.066303	275.506395
1.063427	275.506395
1.060551	275.506395
1.057676	275.506395
1.054800	275.506395
1.051924	275.506395
1.049048	275.506395
1.046172	275.506395
1.043297	275.506395
1.040421	275.506395
1.037546	275.506395
1.034670	275.506395
1.031795	275.506395
1.028919	275.506395
1.026044	275.506395
1.023169	275.506395
1.020294	275.506395
1.017419	275.506395
1.014544	275.506395
1.011669	275.506395
1.008794	275.506395
1.005919	275.506395
1.003044	275.506395
1.000169	275.506395
0.997294	275.506395
0.994420	275.506395
0.991545	275.506395
0.988671	275.506395
0.985796	275.506395
0.982922	275.506395
0.980047	275.506395
0.977173	275.506395
0.974299	275.506395
0.971425	275.506395
0.968550	275.506395
0.965676	275.506395
0.962802	275.506395
0.959929	275.506395
0.957055	275.506395
0.954181	275.506395
0.951307	275.506395
0.948433	275.506395
0.945560	275.506395
0.942686	275.506395
0.939813	275.506395
0.936939	275.506395
0.934066	275.506395
0.931193	275.506395
0.928320	275.506395
0.925446	275.506395
0.922573	275.506395
0.919700	275.506395
0.916827	275.506395
0.913954	275.506395
0.911082	275.506395
0.908209	275.506395
0.905336	275.506395
0.902464	275.506395
0.899591	275.506395
0.896719	275.506395
0.893846	275.506395
0.890974	275.506395
0.888102	275.506395
0.885229	275.506395
0.882357	275.506395
0.879485	275.506395
0.876613	275.506395
0.873741	275.506395
0.870869	275.506395
0.867998	275.506395
0.865126	275.506395
0.862254	275.506395
0.859383	275.506395
0.856511	275.506395
0.853640	275.506395
0.850769	275.506395
0.847897	275.506395
0.845026	275.506395
0.842155	275.506395
0.839284	275.506395
0.836413	275.506395
0.833542	275.506395
0.830671	275.506395
0.827801	275.506395
0.824930	275.506395
0.822059	275.506395
0.819189	275.506395
0.816318	275.506395
0.813448	275.506395
0.810578	275.506395
0.807708	275.506395
0.804838	275.506395
0.801968	275.506395
0.799098	275.506395
0.796228	275.506395
0.793358	275.506395
0.790488	275.506395
0.787619	275.506395
0.784749	275.506395
0.781880	275.506395
0.779010	275.506395
0.776141	275.506395
0.773272	275.506395
0.770403	275.506395
0.767534	275.506395
0.764665	275.506395
0.761796	275.506395
0.758927	275.506395
0.756058	275.506395
0.753190	275.506395
0.750321	275.506395
0.747453	275.506395
0.744585	275.506395
0.741716	275.506395
0.738848	275.506395
0.735980	275.506395
0.733112	275.506395
0.730244	275.506395
0.727376	275.506395
0.724509	275.506395
0.721641	275.506395
0.718774	275.506395
0.715906	275.506395
0.713039	275.506395
0.710172	275.506395
0.707305	275.506395
0.704437	275.506395
0.701571	275.506395
0.698704	275.506395
0.695837	275.506395
0.692970	275.506395
0.690104	275.506395
0.687237	275.506395
0.684371	275.506395
0.681505	275.506395
0.678638	275.506395
0.675772	275.506395
0.672906	275.506395
0.670041	275.506395
0.667175	275.506395
0.664309	275.506395
0.661444	275.506395
0.658578	275.506395
0.655713	275.506395
0.652848	275.506395
0.649982	275.506395
0.647117	275.506395
0.644252	275.506395
0.641388	275.506395
0.638523	275.506395
0.635658	275.506395
0.632794	275.506395
0.629929	275.506395
0.627065	275.506395
0.624201	275.506395
0.621337	275.506395
0.618473	275.506395
0.615609	275.506395
0.612745	275.506395
0.609882	275.506395
0.607018	275.506395
0.604155	275.506395
0.601292	275.506395
0.598429	275.506395
0.595566	275.506395
0.592703	275.506395
0.589840	275.506395
0.586977	275.506395
0.584115	275.506395
0.581252	275.506395
0.578390	275.506395
0.575528	275.506395
0.572666	275.506395
0.569804	275.506395
0.566942	275.506395
0.564081	275.506395
0.561219	275.506395
0.558358	275.506395
0.555496	275.506395
0.552635	275.506395
0.549774	275.506395
0.546913	275.506395
0.544052	275.506395
0.541192	275.506395
0.538331	275.506395
0.535471	275.506395
0.532611	275.506395
0.529751	275.506395
0.526891	275.506395
0.524031	275.506395
0.521171	275.506395
0.518312	275.506395
0.515452	275.506395
0.512593	275.506395
0.509734	275.506395
0.506875	275.506395
0.504016	275.506395
0.501158	275.506395
0.498299	275.506395
0.495441	275.506395
0.492583	275.506395
0.489725	275.506395
0.486867	275.506395
0.484009	275.506395
0.481151	275.506395
0.478294	275.506395
0.475437	275.506395
0.472579	275.506395
0.469722	275.506395
0.466866	275.506395
0.464009	275.506395
0.461152	275.506395
0.458296	275.506395
0.455440	275.506395
0.452584	275.506395
0.449728	275.506395
0.446872	275.506395
0.444017	275.506395
0.441162	275.506395
0.438307	275.506395
0.435452	275.506395
0.432597	275.506395
0.429742	275.506395
0.426888	275.506395
0.424033	275.506395
0.421179	275.506395
0.418325	275.506395
0.415472	275.506395
0.412618	275.506395
0.409765	275.506395
0.406912	275.506395
0.404059	275.506395
0.401206	275.506395
0.398353	275.506395
0.395501	275.506395
0.392649	275.506395
0.389797	275.506395
0.386945	275.506395
0.384094	275.506395
0.381242	275.506395
0.378391	275.506395
0.375540	275.506395
0.372689	275.506395
0.369839	275.506395
0.366989	275.506395
0.364138	275.506395
0.361289	275.506395
0.358439	275.506395
0.355589	275.506395
0.352740	275.506395
0.349891	275.506395
0.347043	275.506395
0.344194	275.506395
0.341346	275.506395
0.338498	275.506395
0.335650	275.506395
0.332802	275.506395
0.329955	275.506395
0.327108	275.506395
0.324261	275.506395
0.321415	275.506395
0.318568	275.506395
0.315722	275.506395
0.312876	275.506395
0.310031	275.506395
0.307186	275.506395
0.304341	275.506395
0.301496	275.506395
0.298651	275.506395
0.295807	275.506395
0.292963	275.506395
0.290120	275.506395
0.287276	275.506395
0.284433	275.506395
0.281591	275.506395
0.278748	275.506395
0.275906	275.506395
0.273064	275.506395
0.270223	275.506395
0.267381	275.506395
0.264541	275.506395
0.261700	275.506395
0.258860	275.506395
0.256020	275.506395
0.253180	275.506395
0.250341	275.506395
0.247502	275.506395
0.244664	275.506395
0.241826	275.506395
0.238988	275.506395
0.236150	275.506395
0.233313	275.506395
0.230477	275.506395
0.227640	275.506395
0.224804	275.506395
0.221969	275.506395
0.219134	275.506395
0.216299	275.506395
0.213465	275.506395
0.210631	275.506395
0.207797	275.506395
0.204964	275.506395
0.202132	275.506395
0.199299	275.506395
0.196468	275.506395
0.193636	275.506395
0.190806	275.506395
0.187975	275.506395
0.185146	275.506395
0.182316	275.506395
0.179488	275.506395
0.176659	275.506395
0.173832	275.506395
0.171004	275.506395
0.168178	275.506395
0.165352	275.506395
0.162526	275.506395
0.159701	275.506395
0.156877	275.506395
0.154053	275.506395
0.151230	275.506395
0.148408	275.506395
0.145586	275.506395
0.142765	275.506395
0.139945	275.506395
0.137125	275.506395
0.134306	275.506395
0.131488	275.506395
0.128670	275.506395
0.125853	275.506395
0.123038	275.506395
0.120223	275.506395
0.117408	275.506395
0.114595	275.506395
0.111783	275.506395
0.108971	275.506395
0.106161	275.506395
0.103351	275.506395
0.100543	275.506395
0.097736	275.506395
