6.25	 0	0.466766795695	8.47761071489e+24
6.24993151737	 1	1.57480192352	3.25575276117e+26
6.2497005055	 2	5.31300228129	1.25024064893e+28
6.24892258294	 3	17.9164623228	4.79435722136e+29
6.24635368355	 4	60.0728721324	1.80721073238e+31
6.239365703	 5	190.110098357	5.72781743932e+32
6.23369764928	 6	190.110098357	5.72781743932e+32
6.22803161334	 7	190.110098357	5.72781743932e+32
6.2223675978	 8	190.110098357	5.72781743932e+32
6.21670560528	 9	190.110098357	5.72781743932e+32
6.2110456384	10	190.110098357	5.72781743932e+32
6.20538769978	11	190.110098357	5.72781743932e+32
6.19973179202	12	190.110098357	5.72781743932e+32
6.19407791775	13	190.110098357	5.72781743932e+32
6.18842607956	14	190.110098357	5.72781743932e+32
6.18277628007	15	190.110098357	5.72781743932e+32
6.17712852187	16	190.110098357	5.72781743932e+32
6.17148280757	17	190.110098357	5.72781743932e+32
6.16583913977	18	190.110098357	5.72781743932e+32
6.16019752105	19	190.110098357	5.72781743932e+32
6.15455795403	20	190.110098357	5.72781743932e+32
6.14892044128	21	190.110098357	5.72781743932e+32
6.14328498539	22	190.110098357	5.72781743932e+32
6.13765158895	23	190.110098357	5.72781743932e+32
6.13202025455	24	190.110098357	5.72781743932e+32
6.12639098477	25	190.110098357	5.72781743932e+32
6.12076378217	26	190.110098357	5.72781743932e+32
6.11513864935	27	190.110098357	5.72781743932e+32
6.10951558887	28	190.110098357	5.72781743932e+32
6.1038946033	29	190.110098357	5.72781743932e+32
6.09827569521	30	190.110098357	5.72781743932e+32
6.09265886717	31	190.110098357	5.72781743932e+32
6.08704412174	32	190.110098357	5.72781743932e+32
6.08143146148	33	190.110098357	5.72781743932e+32
6.07582088895	34	190.110098357	5.72781743932e+32
6.0702124067	35	190.110098357	5.72781743932e+32
6.06460601729	36	190.110098357	5.72781743932e+32
6.05900172327	37	190.110098357	5.72781743932e+32
6.05339952717	38	190.110098357	5.72781743932e+32
6.04779943156	39	190.110098357	5.72781743932e+32
6.04220143896	40	190.110098357	5.72781743932e+32
6.03660555193	41	190.110098357	5.72781743932e+32
6.03101177299	42	190.110098357	5.72781743932e+32
6.02542010468	43	190.110098357	5.72781743932e+32
6.01983054953	44	190.110098357	5.72781743932e+32
6.01424311008	45	190.110098357	5.72781743932e+32
6.00865778884	46	190.110098357	5.72781743932e+32
6.00307458834	47	190.110098357	5.72781743932e+32
5.99749351109	48	190.110098357	5.72781743932e+32
5.99191455963	49	190.110098357	5.72781743932e+32
5.98633773646	50	190.110098357	5.72781743932e+32
5.9807630441	51	190.110098357	5.72781743932e+32
5.97519048506	52	190.110098357	5.72781743932e+32
5.96962006183	53	190.110098357	5.72781743932e+32
5.96405177693	54	190.110098357	5.72781743932e+32
5.95848563286	55	190.110098357	5.72781743932e+32
5.95292163212	56	190.110098357	5.72781743932e+32
5.9473597772	57	190.110098357	5.72781743932e+32
5.9418000706	58	190.110098357	5.72781743932e+32
5.9362425148	59	190.110098357	5.72781743932e+32
5.93068711229	60	190.110098357	5.72781743932e+32
5.92513386557	61	190.110098357	5.72781743932e+32
5.9195827771	62	190.110098357	5.72781743932e+32
5.91403384937	63	190.110098357	5.72781743932e+32
5.90848708486	64	190.110098357	5.72781743932e+32
5.90294248604	65	190.110098357	5.72781743932e+32
5.89740005538	66	190.110098357	5.72781743932e+32
5.89185979534	67	190.110098357	5.72781743932e+32
5.8863217084	68	190.110098357	5.72781743932e+32
5.880785797	69	190.110098357	5.72781743932e+32
5.87525206363	70	190.110098357	5.72781743932e+32
5.86972051072	71	190.110098357	5.72781743932e+32
5.86419114073	72	190.110098357	5.72781743932e+32
5.85866395612	73	190.110098357	5.72781743932e+32
5.85313895932	74	190.110098357	5.72781743932e+32
5.84761615279	75	190.110098357	5.72781743932e+32
5.84209553897	76	190.110098357	5.72781743932e+32
5.83657712029	77	190.110098357	5.72781743932e+32
5.83106089919	78	190.110098357	5.72781743932e+32
5.82554687811	79	190.110098357	5.72781743932e+32
5.82003505947	80	190.110098357	5.72781743932e+32
5.8145254457	81	190.110098357	5.72781743932e+32
5.80901803922	82	190.110098357	5.72781743932e+32
5.80351284246	83	190.110098357	5.72781743932e+32
5.79800985784	84	190.110098357	5.72781743932e+32
5.79250908776	85	190.110098357	5.72781743932e+32
5.78701053464	86	190.110098357	5.72781743932e+32
5.78151420089	87	190.110098357	5.72781743932e+32
5.77602008892	88	190.110098357	5.72781743932e+32
5.77052820112	89	190.110098357	5.72781743932e+32
5.76503853991	90	190.110098357	5.72781743932e+32
5.75955110767	91	190.110098357	5.72781743932e+32
5.75406590679	92	190.110098357	5.72781743932e+32
5.74858293968	93	190.110098357	5.72781743932e+32
5.74310220872	94	190.110098357	5.72781743932e+32
5.73762371629	95	190.110098357	5.72781743932e+32
5.73214746477	96	190.110098357	5.72781743932e+32
5.72667345654	97	190.110098357	5.72781743932e+32
5.72120169399	98	190.110098357	5.72781743932e+32
5.71573217947	99	190.110098357	5.72781743932e+32
5.71026491537	100	190.110098357	5.72781743932e+32
5.70479990404	101	190.110098357	5.72781743932e+32
5.69933714785	102	190.110098357	5.72781743932e+32
5.69387664916	103	190.110098357	5.72781743932e+32
5.68841841033	104	190.110098357	5.72781743932e+32
5.68296243371	105	190.110098357	5.72781743932e+32
5.67750872165	106	190.110098357	5.72781743932e+32
5.67205727649	107	190.110098357	5.72781743932e+32
5.66660810059	108	190.110098357	5.72781743932e+32
5.66116119629	109	190.110098357	5.72781743932e+32
5.65571656591	110	190.110098357	5.72781743932e+32
5.65027421181	111	190.110098357	5.72781743932e+32
5.6448341363	112	190.110098357	5.72781743932e+32
5.63939634172	113	190.110098357	5.72781743932e+32
5.63396083039	114	190.110098357	5.72781743932e+32
5.62852760463	115	190.110098357	5.72781743932e+32
5.62309666677	116	190.110098357	5.72781743932e+32
5.61766801912	117	190.110098357	5.72781743932e+32
5.61224166399	118	190.110098357	5.72781743932e+32
5.60681760369	119	190.110098357	5.72781743932e+32
5.60139584053	120	190.110098357	5.72781743932e+32
5.59597637681	121	190.110098357	5.72781743932e+32
5.59055921483	122	190.110098357	5.72781743932e+32
5.58514435688	123	190.110098357	5.72781743932e+32
5.57973180526	124	190.110098357	5.72781743932e+32
5.57432156227	125	190.110098357	5.72781743932e+32
5.56891363017	126	190.110098357	5.72781743932e+32
5.56350801127	127	190.110098357	5.72781743932e+32
5.55810470783	128	190.110098357	5.72781743932e+32
5.55270372214	129	190.110098357	5.72781743932e+32
5.54730505647	130	190.110098357	5.72781743932e+32
5.54190871309	131	190.110098357	5.72781743932e+32
5.53651469426	132	190.110098357	5.72781743932e+32
5.53112300225	133	190.110098357	5.72781743932e+32
5.52573363932	134	190.110098357	5.72781743932e+32
5.52034660773	135	190.110098357	5.72781743932e+32
5.51496190973	136	190.110098357	5.72781743932e+32
5.50957954757	137	190.110098357	5.72781743932e+32
5.50419952349	138	190.110098357	5.72781743932e+32
5.49882183974	139	190.110098357	5.72781743932e+32
5.49344649857	140	190.110098357	5.72781743932e+32
5.4880735022	141	190.110098357	5.72781743932e+32
5.48270285288	142	190.110098357	5.72781743932e+32
5.47733455282	143	190.110098357	5.72781743932e+32
5.47196860427	144	190.110098357	5.72781743932e+32
5.46660500943	145	190.110098357	5.72781743932e+32
5.46124377053	146	190.110098357	5.72781743932e+32
5.4558848898	147	190.110098357	5.72781743932e+32
5.45052836943	148	190.110098357	5.72781743932e+32
5.44517421164	149	190.110098357	5.72781743932e+32
5.43982241864	150	190.110098357	5.72781743932e+32
5.43447299263	151	190.110098357	5.72781743932e+32
5.42912593581	152	190.110098357	5.72781743932e+32
5.42378125037	153	190.110098357	5.72781743932e+32
5.41843893851	154	190.110098357	5.72781743932e+32
5.41309900242	155	190.110098357	5.72781743932e+32
5.40776144428	156	190.110098357	5.72781743932e+32
5.40242626627	157	190.110098357	5.72781743932e+32
5.39709347058	158	190.110098357	5.72781743932e+32
5.39176305938	159	190.110098357	5.72781743932e+32
5.38643503483	160	190.110098357	5.72781743932e+32
5.38110939912	161	190.110098357	5.72781743932e+32
5.3757861544	162	190.110098357	5.72781743932e+32
5.37046530284	163	190.110098357	5.72781743932e+32
5.36514684659	164	190.110098357	5.72781743932e+32
5.3598307878	165	190.110098357	5.72781743932e+32
5.35451712864	166	190.110098357	5.72781743932e+32
5.34920587124	167	190.110098357	5.72781743932e+32
5.34389701775	168	190.110098357	5.72781743932e+32
5.33859057031	169	190.110098357	5.72781743932e+32
5.33328653106	170	190.110098357	5.72781743932e+32
5.32798490213	171	190.110098357	5.72781743932e+32
5.32268568565	172	190.110098357	5.72781743932e+32
5.31738888374	173	190.110098357	5.72781743932e+32
5.31209449854	174	190.110098357	5.72781743932e+32
5.30680253215	175	190.110098357	5.72781743932e+32
5.30151298669	176	190.110098357	5.72781743932e+32
5.29622586429	177	190.110098357	5.72781743932e+32
5.29094116703	178	190.110098357	5.72781743932e+32
5.28565889704	179	190.110098357	5.72781743932e+32
5.2803790564	180	190.110098357	5.72781743932e+32
5.27510164723	181	190.110098357	5.72781743932e+32
5.2698266716	182	190.110098357	5.72781743932e+32
5.26455413162	183	190.110098357	5.72781743932e+32
5.25928402937	184	190.110098357	5.72781743932e+32
5.25401636693	185	190.110098357	5.72781743932e+32
5.24875114638	186	190.110098357	5.72781743932e+32
5.2434883698	187	190.110098357	5.72781743932e+32
5.23822803926	188	190.110098357	5.72781743932e+32
5.23297015684	189	190.110098357	5.72781743932e+32
5.22771472458	190	190.110098357	5.72781743932e+32
5.22246174457	191	190.110098357	5.72781743932e+32
5.21721121885	192	190.110098357	5.72781743932e+32
5.21196314948	193	190.110098357	5.72781743932e+32
5.2067175385	194	190.110098357	5.72781743932e+32
5.20147438798	195	190.110098357	5.72781743932e+32
5.19623369994	196	190.110098357	5.72781743932e+32
5.19099547643	197	190.110098357	5.72781743932e+32
5.18575971949	198	190.110098357	5.72781743932e+32
5.18052643115	199	190.110098357	5.72781743932e+32
5.17529561343	200	190.110098357	5.72781743932e+32
5.17006726836	201	190.110098357	5.72781743932e+32
5.16484139797	202	190.110098357	5.72781743932e+32
5.15961800427	203	190.110098357	5.72781743932e+32
5.15439708927	204	190.110098357	5.72781743932e+32
5.14917865498	205	190.110098357	5.72781743932e+32
5.14396270342	206	190.110098357	5.72781743932e+32
5.13874923657	207	190.110098357	5.72781743932e+32
5.13353825646	208	190.110098357	5.72781743932e+32
5.12832976505	209	190.110098357	5.72781743932e+32
5.12312376436	210	190.110098357	5.72781743932e+32
5.11792025637	211	190.110098357	5.72781743932e+32
5.11271924305	212	190.110098357	5.72781743932e+32
5.1075207264	213	190.110098357	5.72781743932e+32
5.10232470839	214	190.110098357	5.72781743932e+32
5.09713119098	215	190.110098357	5.72781743932e+32
5.09194017616	216	190.110098357	5.72781743932e+32
5.08675166588	217	190.110098357	5.72781743932e+32
5.08156566211	218	190.110098357	5.72781743932e+32
5.07638216681	219	190.110098357	5.72781743932e+32
5.07120118192	220	190.110098357	5.72781743932e+32
5.06602270941	221	190.110098357	5.72781743932e+32
5.06084675121	222	190.110098357	5.72781743932e+32
5.05567330926	223	190.110098357	5.72781743932e+32
5.05050238552	224	190.110098357	5.72781743932e+32
5.04533398191	225	190.110098357	5.72781743932e+32
5.04016810036	226	190.110098357	5.72781743932e+32
5.03500474281	227	190.110098357	5.72781743932e+32
5.02984391117	228	190.110098357	5.72781743932e+32
5.02468560737	229	190.110098357	5.72781743932e+32
5.01952983331	230	190.110098357	5.72781743932e+32
5.01437659093	231	190.110098357	5.72781743932e+32
5.00922588211	232	190.110098357	5.72781743932e+32
5.00407770877	233	190.110098357	5.72781743932e+32
4.99893207281	234	190.110098357	5.72781743932e+32
4.99378897613	235	190.110098357	5.72781743932e+32
4.98864842061	236	190.110098357	5.72781743932e+32
4.98351040815	237	190.110098357	5.72781743932e+32
4.97837494064	238	190.110098357	5.72781743932e+32
4.97324201995	239	190.110098357	5.72781743932e+32
4.96811164796	240	190.110098357	5.72781743932e+32
4.96298382655	241	190.110098357	5.72781743932e+32
4.95785855759	242	190.110098357	5.72781743932e+32
4.95273584294	243	190.110098357	5.72781743932e+32
4.94761568446	244	190.110098357	5.72781743932e+32
4.94249808402	245	190.110098357	5.72781743932e+32
4.93738304347	246	190.110098357	5.72781743932e+32
4.93227056466	247	190.110098357	5.72781743932e+32
4.92716064943	248	190.110098357	5.72781743932e+32
4.92205329963	249	190.110098357	5.72781743932e+32
4.9169485171	250	190.110098357	5.72781743932e+32
4.91184630368	251	190.110098357	5.72781743932e+32
4.90674666119	252	190.110098357	5.72781743932e+32
4.90164959146	253	190.110098357	5.72781743932e+32
4.89655509632	254	190.110098357	5.72781743932e+32
4.89146317759	255	190.110098357	5.72781743932e+32
4.88637383707	256	190.110098357	5.72781743932e+32
4.88128707659	257	190.110098357	5.72781743932e+32
4.87620289795	258	190.110098357	5.72781743932e+32
4.87112130296	259	190.110098357	5.72781743932e+32
4.86604229341	260	190.110098357	5.72781743932e+32
4.8609658711	261	190.110098357	5.72781743932e+32
4.85589203783	262	190.110098357	5.72781743932e+32
4.85082079538	263	190.110098357	5.72781743932e+32
4.84575214553	264	190.110098357	5.72781743932e+32
4.84068609007	265	190.110098357	5.72781743932e+32
4.83562263077	266	190.110098357	5.72781743932e+32
4.83056176941	267	190.110098357	5.72781743932e+32
4.82550350775	268	190.110098357	5.72781743932e+32
4.82044784756	269	190.110098357	5.72781743932e+32
4.8153947906	270	190.110098357	5.72781743932e+32
4.81034433863	271	190.110098357	5.72781743932e+32
4.8052964934	272	190.110098357	5.72781743932e+32
4.80025125665	273	190.110098357	5.72781743932e+32
4.79520863013	274	190.110098357	5.72781743932e+32
4.79016861559	275	190.110098357	5.72781743932e+32
4.78513036	276	190.110098357	5.72781743932e+32
4.78009061444	277	190.110098357	5.72781743932e+32
4.77504937533	278	190.110098357	5.72781743932e+32
4.77000663906	279	190.110098357	5.72781743932e+32
4.76496240206	280	190.110098357	5.72781743932e+32
4.75991666069	281	190.110098357	5.72781743932e+32
4.75486941133	282	190.110098357	5.72781743932e+32
4.74982065034	283	190.110098357	5.72781743932e+32
4.74477037407	284	190.110098357	5.72781743932e+32
4.73971857885	285	190.110098357	5.72781743932e+32
4.73466526101	286	190.110098357	5.72781743932e+32
4.72961041685	287	190.110098357	5.72781743932e+32
4.72455404267	288	190.110098357	5.72781743932e+32
4.71949613476	289	190.110098357	5.72781743932e+32
4.71443668939	290	190.110098357	5.72781743932e+32
4.70937570281	291	190.110098357	5.72781743932e+32
4.70431317128	292	190.110098357	5.72781743932e+32
4.69924909102	293	190.110098357	5.72781743932e+32
4.69418345825	294	190.110098357	5.72781743932e+32
4.68911626919	295	190.110098357	5.72781743932e+32
4.68404752001	296	190.110098357	5.72781743932e+32
4.67897720691	297	190.110098357	5.72781743932e+32
4.67390532605	298	190.110098357	5.72781743932e+32
4.66883187358	299	190.110098357	5.72781743932e+32
4.66375684564	300	190.110098357	5.72781743932e+32
4.65868023837	301	190.110098357	5.72781743932e+32
4.65360204786	302	190.110098357	5.72781743932e+32
4.64852227022	303	190.110098357	5.72781743932e+32
4.64344090154	304	190.110098357	5.72781743932e+32
4.63835793788	305	190.110098357	5.72781743932e+32
4.63327337531	306	190.110098357	5.72781743932e+32
4.62818720986	307	190.110098357	5.72781743932e+32
4.62309943758	308	190.110098357	5.72781743932e+32
4.61801005446	309	190.110098357	5.72781743932e+32
4.61291905652	310	190.110098357	5.72781743932e+32
4.60782643974	311	190.110098357	5.72781743932e+32
4.60273220009	312	190.110098357	5.72781743932e+32
4.59763633353	313	190.110098357	5.72781743932e+32
4.59253883601	314	190.110098357	5.72781743932e+32
4.58743970346	315	190.110098357	5.72781743932e+32
4.58233893179	316	190.110098357	5.72781743932e+32
4.5772365169	317	190.110098357	5.72781743932e+32
4.57213245468	318	190.110098357	5.72781743932e+32
4.567026741	319	190.110098357	5.72781743932e+32
4.56191937171	320	190.110098357	5.72781743932e+32
4.55681034266	321	190.110098357	5.72781743932e+32
4.55169964968	322	190.110098357	5.72781743932e+32
4.54658728856	323	190.110098357	5.72781743932e+32
4.54147325512	324	190.110098357	5.72781743932e+32
4.53635754513	325	190.110098357	5.72781743932e+32
4.53124015435	326	190.110098357	5.72781743932e+32
4.52612107855	327	190.110098357	5.72781743932e+32
4.52100031344	328	190.110098357	5.72781743932e+32
4.51587785476	329	190.110098357	5.72781743932e+32
4.5107536982	330	190.110098357	5.72781743932e+32
4.50562783945	331	190.110098357	5.72781743932e+32
4.50050027419	332	190.110098357	5.72781743932e+32
4.49537099806	333	190.110098357	5.72781743932e+32
4.49035932681	334	190.110098357	5.72781743932e+32
4.48529279008	335	190.110098357	5.72781743932e+32
4.4802516582	336	190.110098357	5.72781743932e+32
4.47519838713	337	190.110098357	5.72781743932e+32
4.47015050457	338	190.110098357	5.72781743932e+32
4.46509981693	339	190.110098357	5.72781743932e+32
4.46005015386	340	190.110098357	5.72781743932e+32
4.45499972454	341	190.110098357	5.72781743932e+32
4.44994936662	342	190.110098357	5.72781743932e+32
4.44489868823	343	190.110098357	5.72781743932e+32
4.43984787282	344	190.110098357	5.72781743932e+32
4.43479683454	345	190.110098357	5.72781743932e+32
4.42974561365	346	190.110098357	5.72781743932e+32
4.42469419134	347	190.110098357	5.72781743932e+32
4.41964257648	348	190.110098357	5.72781743932e+32
4.41459076495	349	190.110098357	5.72781743932e+32
4.40953875873	350	190.110098357	5.72781743932e+32
4.40448655695	351	190.110098357	5.72781743932e+32
4.39943416006	352	190.110098357	5.72781743932e+32
4.3943815679	353	190.110098357	5.72781743932e+32
4.3893287806	354	190.110098357	5.72781743932e+32
4.38427579814	355	190.110098357	5.72781743932e+32
4.37922262059	356	190.110098357	5.72781743932e+32
4.37416924796	357	190.110098357	5.72781743932e+32
4.3691156803	358	190.110098357	5.72781743932e+32
4.36406191763	359	190.110098357	5.72781743932e+32
4.35900796	360	190.110098357	5.72781743932e+32
4.35395380744	361	190.110098357	5.72781743932e+32
4.34889945998	362	190.110098357	5.72781743932e+32
4.34384491766	363	190.110098357	5.72781743932e+32
4.33879018051	364	190.110098357	5.72781743932e+32
4.33373524858	365	190.110098357	5.72781743932e+32
4.32868012189	366	190.110098357	5.72781743932e+32
4.32362480048	367	190.110098357	5.72781743932e+32
4.31856928439	368	190.110098357	5.72781743932e+32
4.31351357365	369	190.110098357	5.72781743932e+32
4.30845766831	370	190.110098357	5.72781743932e+32
4.30340156839	371	190.110098357	5.72781743932e+32
4.29834527394	372	190.110098357	5.72781743932e+32
4.29328878498	373	190.110098357	5.72781743932e+32
4.28823210157	374	190.110098357	5.72781743932e+32
4.28317522373	375	190.110098357	5.72781743932e+32
4.2781181515	376	190.110098357	5.72781743932e+32
4.27306088492	377	190.110098357	5.72781743932e+32
4.26800342403	378	190.110098357	5.72781743932e+32
4.26294576887	379	190.110098357	5.72781743932e+32
4.25788791946	380	190.110098357	5.72781743932e+32
4.25282987586	381	190.110098357	5.72781743932e+32
4.2477716381	382	190.110098357	5.72781743932e+32
4.24271320622	383	190.110098357	5.72781743932e+32
4.23765458025	384	190.110098357	5.72781743932e+32
4.23259576024	385	190.110098357	5.72781743932e+32
4.22753674623	386	190.110098357	5.72781743932e+32
4.22247753825	387	190.110098357	5.72781743932e+32
4.21741813634	388	190.110098357	5.72781743932e+32
4.21235854054	389	190.110098357	5.72781743932e+32
4.2072987509	390	190.110098357	5.72781743932e+32
4.20223876745	391	190.110098357	5.72781743932e+32
4.19717859023	392	190.110098357	5.72781743932e+32
4.19211821928	393	190.110098357	5.72781743932e+32
4.18705765465	394	190.110098357	5.72781743932e+32
4.18199689637	395	190.110098357	5.72781743932e+32
4.17693594448	396	190.110098357	5.72781743932e+32
4.17187479902	397	190.110098357	5.72781743932e+32
4.16681346004	398	190.110098357	5.72781743932e+32
4.16175192758	399	190.110098357	5.72781743932e+32
4.15669020168	400	190.110098357	5.72781743932e+32
4.15162828237	401	190.110098357	5.72781743932e+32
4.14656616971	402	190.110098357	5.72781743932e+32
4.14150386373	403	190.110098357	5.72781743932e+32
4.13644136447	404	190.110098357	5.72781743932e+32
4.13137867198	405	190.110098357	5.72781743932e+32
4.1263157863	406	190.110098357	5.72781743932e+32
4.12125270748	407	190.110098357	5.72781743932e+32
4.11618943555	408	190.110098357	5.72781743932e+32
4.11112597055	409	190.110098357	5.72781743932e+32
4.10606231254	410	190.110098357	5.72781743932e+32
4.10099846155	411	190.110098357	5.72781743932e+32
4.09593441763	412	190.110098357	5.72781743932e+32
4.09087018082	413	190.110098357	5.72781743932e+32
4.08580575116	414	190.110098357	5.72781743932e+32
4.08074112871	415	190.110098357	5.72781743932e+32
4.0756763135	416	190.110098357	5.72781743932e+32
4.07061130557	417	190.110098357	5.72781743932e+32
4.06554610498	418	190.110098357	5.72781743932e+32
4.06048071177	419	190.110098357	5.72781743932e+32
4.05541512598	420	190.110098357	5.72781743932e+32
4.05034934765	421	190.110098357	5.72781743932e+32
4.04528337684	422	190.110098357	5.72781743932e+32
4.04021721359	423	190.110098357	5.72781743932e+32
4.03515085794	424	190.110098357	5.72781743932e+32
4.03008430994	425	190.110098357	5.72781743932e+32
4.02501756963	426	190.110098357	5.72781743932e+32
4.01995063707	427	190.110098357	5.72781743932e+32
4.0148835123	428	190.110098357	5.72781743932e+32
4.00981619536	429	190.110098357	5.72781743932e+32
4.00474868631	430	190.110098357	5.72781743932e+32
3.99968098518	431	190.110098357	5.72781743932e+32
3.99461309203	432	190.110098357	5.72781743932e+32
3.98954500691	433	190.110098357	5.72781743932e+32
3.98447672985	434	190.110098357	5.72781743932e+32
3.97940826092	435	190.110098357	5.72781743932e+32
3.97433960015	436	190.110098357	5.72781743932e+32
3.9692707476	437	190.110098357	5.72781743932e+32
3.96420170331	438	190.110098357	5.72781743932e+32
3.95913246734	439	190.110098357	5.72781743932e+32
3.95406303973	440	190.110098357	5.72781743932e+32
3.94899342053	441	190.110098357	5.72781743932e+32
3.94392360979	442	190.110098357	5.72781743932e+32
3.93885360756	443	190.110098357	5.72781743932e+32
3.93378341389	444	190.110098357	5.72781743932e+32
3.92871302882	445	190.110098357	5.72781743932e+32
3.92364245242	446	190.110098357	5.72781743932e+32
3.91857168473	447	190.110098357	5.72781743932e+32
3.91350072579	448	190.110098357	5.72781743932e+32
3.90842957567	449	190.110098357	5.72781743932e+32
3.90335823441	450	190.110098357	5.72781743932e+32
3.89828670207	451	190.110098357	5.72781743932e+32
3.89321497868	452	190.110098357	5.72781743932e+32
3.88814306432	453	190.110098357	5.72781743932e+32
3.88307095902	454	190.110098357	5.72781743932e+32
3.87799866284	455	190.110098357	5.72781743932e+32
3.87292617583	456	190.110098357	5.72781743932e+32
3.86785349805	457	190.110098357	5.72781743932e+32
3.86278062954	458	190.110098357	5.72781743932e+32
3.85770757037	459	190.110098357	5.72781743932e+32
3.85263432057	460	190.110098357	5.72781743932e+32
3.84756088022	461	190.110098357	5.72781743932e+32
3.84248724935	462	190.110098357	5.72781743932e+32
3.83741342803	463	190.110098357	5.72781743932e+32
3.8323394163	464	190.110098357	5.72781743932e+32
3.82726521423	465	190.110098357	5.72781743932e+32
3.82219082186	466	190.110098357	5.72781743932e+32
3.81711623926	467	190.110098357	5.72781743932e+32
3.81204146647	468	190.110098357	5.72781743932e+32
3.80696650355	469	190.110098357	5.72781743932e+32
3.80189135056	470	190.110098357	5.72781743932e+32
3.79681600755	471	190.110098357	5.72781743932e+32
3.79174047457	472	190.110098357	5.72781743932e+32
3.7866647517	473	190.110098357	5.72781743932e+32
3.78158883897	474	190.110098357	5.72781743932e+32
3.77651273644	475	190.110098357	5.72781743932e+32
3.77143644419	476	190.110098357	5.72781743932e+32
3.76635996225	477	190.110098357	5.72781743932e+32
3.76128329069	478	190.110098357	5.72781743932e+32
3.75620642956	479	190.110098357	5.72781743932e+32
3.75112937893	480	190.110098357	5.72781743932e+32
3.74605213884	481	190.110098357	5.72781743932e+32
3.74097470937	482	190.110098357	5.72781743932e+32
3.73589709056	483	190.110098357	5.72781743932e+32
3.73081928248	484	190.110098357	5.72781743932e+32
3.72574128519	485	190.110098357	5.72781743932e+32
3.72066309874	486	190.110098357	5.72781743932e+32
3.71558472319	487	190.110098357	5.72781743932e+32
3.7105061586	488	190.110098357	5.72781743932e+32
3.70542740504	489	190.110098357	5.72781743932e+32
3.70034846256	490	190.110098357	5.72781743932e+32
3.69526933123	491	190.110098357	5.72781743932e+32
3.69019001109	492	190.110098357	5.72781743932e+32
3.68511050223	493	190.110098357	5.72781743932e+32
3.68003080469	494	190.110098357	5.72781743932e+32
3.67495091853	495	190.110098357	5.72781743932e+32
3.66987084383	496	190.110098357	5.72781743932e+32
3.66479058064	497	190.110098357	5.72781743932e+32
3.65971012902	498	190.110098357	5.72781743932e+32
3.65462948904	499	190.110098357	5.72781743932e+32
3.64954866075	500	190.110098357	5.72781743932e+32
3.64446764423	501	190.110098357	5.72781743932e+32
3.63938643953	502	190.110098357	5.72781743932e+32
3.63430504672	503	190.110098357	5.72781743932e+32
3.62922346586	504	190.110098357	5.72781743932e+32
3.62414169702	505	190.110098357	5.72781743932e+32
3.61905974025	506	190.110098357	5.72781743932e+32
3.61397759564	507	190.110098357	5.72781743932e+32
3.60889526323	508	190.110098357	5.72781743932e+32
3.60381274309	509	190.110098357	5.72781743932e+32
3.5987300353	510	190.110098357	5.72781743932e+32
3.59364713991	511	190.110098357	5.72781743932e+32
3.588564057	512	190.110098357	5.72781743932e+32
3.58348078662	513	190.110098357	5.72781743932e+32
3.57839732885	514	190.110098357	5.72781743932e+32
3.57331368374	515	190.110098357	5.72781743932e+32
3.56822985138	516	190.110098357	5.72781743932e+32
3.56314583182	517	190.110098357	5.72781743932e+32
3.55806162513	518	190.110098357	5.72781743932e+32
3.55297723139	519	190.110098357	5.72781743932e+32
3.54789265065	520	190.110098357	5.72781743932e+32
3.54280788299	521	190.110098357	5.72781743932e+32
3.53772292848	522	190.110098357	5.72781743932e+32
3.53263778718	523	190.110098357	5.72781743932e+32
3.52755245917	524	190.110098357	5.72781743932e+32
3.52246694451	525	190.110098357	5.72781743932e+32
3.51738124327	526	190.110098357	5.72781743932e+32
3.51229535553	527	190.110098357	5.72781743932e+32
3.50720928135	528	190.110098357	5.72781743932e+32
3.50212302081	529	190.110098357	5.72781743932e+32
3.49703657398	530	190.110098357	5.72781743932e+32
3.49194994092	531	190.110098357	5.72781743932e+32
3.48686312171	532	190.110098357	5.72781743932e+32
3.48177611643	533	190.110098357	5.72781743932e+32
3.47668892514	534	190.110098357	5.72781743932e+32
3.47160154791	535	190.110098357	5.72781743932e+32
3.46651398483	536	190.110098357	5.72781743932e+32
3.46142623595	537	190.110098357	5.72781743932e+32
3.45633830136	538	190.110098357	5.72781743932e+32
3.45125018114	539	190.110098357	5.72781743932e+32
3.44616187534	540	190.110098357	5.72781743932e+32
3.44107338406	541	190.110098357	5.72781743932e+32
3.43598470735	542	190.110098357	5.72781743932e+32
3.43089584531	543	190.110098357	5.72781743932e+32
3.425806798	544	190.110098357	5.72781743932e+32
3.4207175655	545	190.110098357	5.72781743932e+32
3.41562814788	546	190.110098357	5.72781743932e+32
3.41053854523	547	190.110098357	5.72781743932e+32
3.40544875761	548	190.110098357	5.72781743932e+32
3.40035878511	549	190.110098357	5.72781743932e+32
3.3952686278	550	190.110098357	5.72781743932e+32
3.39017828576	551	190.110098357	5.72781743932e+32
3.38508775907	552	190.110098357	5.72781743932e+32
3.37999704781	553	190.110098357	5.72781743932e+32
3.37490615205	554	190.110098357	5.72781743932e+32
3.36981507188	555	190.110098357	5.72781743932e+32
3.36472380737	556	190.110098357	5.72781743932e+32
3.3596323586	557	190.110098357	5.72781743932e+32
3.35454072566	558	190.110098357	5.72781743932e+32
3.34944890862	559	190.110098357	5.72781743932e+32
3.34435690756	560	190.110098357	5.72781743932e+32
3.33926472257	561	190.110098357	5.72781743932e+32
3.33417235373	562	190.110098357	5.72781743932e+32
3.32907980111	563	190.110098357	5.72781743932e+32
3.32398706481	564	190.110098357	5.72781743932e+32
3.31889414489	565	190.110098357	5.72781743932e+32
3.31380104146	566	190.110098357	5.72781743932e+32
3.30870775458	567	190.110098357	5.72781743932e+32
3.30361428434	568	190.110098357	5.72781743932e+32
3.29852063083	569	190.110098357	5.72781743932e+32
3.29342679413	570	190.110098357	5.72781743932e+32
3.28833277432	571	190.110098357	5.72781743932e+32
3.2832385715	572	190.110098357	5.72781743932e+32
3.27814418573	573	190.110098357	5.72781743932e+32
3.27304961712	574	190.110098357	5.72781743932e+32
3.26795486575	575	190.110098357	5.72781743932e+32
3.2628599317	576	190.110098357	5.72781743932e+32
3.25776481505	577	190.110098357	5.72781743932e+32
3.25266951591	578	190.110098357	5.72781743932e+32
3.24757403435	579	190.110098357	5.72781743932e+32
3.24247837046	580	190.110098357	5.72781743932e+32
3.23738252433	581	190.110098357	5.72781743932e+32
3.23228649605	582	190.110098357	5.72781743932e+32
3.2271902857	583	190.110098357	5.72781743932e+32
3.22209389339	584	190.110098357	5.72781743932e+32
3.21699731919	585	190.110098357	5.72781743932e+32
3.2119005632	586	190.110098357	5.72781743932e+32
3.20680362551	587	190.110098357	5.72781743932e+32
3.2017065062	588	190.110098357	5.72781743932e+32
3.19660920538	589	190.110098357	5.72781743932e+32
3.19151172313	590	190.110098357	5.72781743932e+32
3.18641405954	591	190.110098357	5.72781743932e+32
3.18131621471	592	190.110098357	5.72781743932e+32
3.17621818873	593	190.110098357	5.72781743932e+32
3.17111998169	594	190.110098357	5.72781743932e+32
3.16602159369	595	190.110098357	5.72781743932e+32
3.16092302482	596	190.110098357	5.72781743932e+32
3.15582427518	597	190.110098357	5.72781743932e+32
3.15072534485	598	190.110098357	5.72781743932e+32
3.14562623394	599	190.110098357	5.72781743932e+32
3.14052694255	600	190.110098357	5.72781743932e+32
3.13542747076	601	190.110098357	5.72781743932e+32
3.13032781867	602	190.110098357	5.72781743932e+32
3.12522798639	603	190.110098357	5.72781743932e+32
3.12012797401	604	190.110098357	5.72781743932e+32
3.11502778162	605	190.110098357	5.72781743932e+32
3.10992740933	606	190.110098357	5.72781743932e+32
3.10482685723	607	190.110098357	5.72781743932e+32
3.09972612543	608	190.110098357	5.72781743932e+32
3.09462521402	609	190.110098357	5.72781743932e+32
3.0895241231	610	190.110098357	5.72781743932e+32
3.08442285278	611	190.110098357	5.72781743932e+32
3.07932140315	612	190.110098357	5.72781743932e+32
3.07421977432	613	190.110098357	5.72781743932e+32
3.06911796639	614	190.110098357	5.72781743932e+32
3.06401597945	615	190.110098357	5.72781743932e+32
3.05891381362	616	190.110098357	5.72781743932e+32
3.053811469	617	190.110098357	5.72781743932e+32
3.04870894569	618	190.110098357	5.72781743932e+32
3.04360624379	619	190.110098357	5.72781743932e+32
3.03850336341	620	190.110098357	5.72781743932e+32
3.03340030465	621	190.110098357	5.72781743932e+32
3.02829706762	622	190.110098357	5.72781743932e+32
3.02319365243	623	190.110098357	5.72781743932e+32
3.01809005918	624	190.110098357	5.72781743932e+32
3.01298628799	625	190.110098357	5.72781743932e+32
3.00788233894	626	190.110098357	5.72781743932e+32
3.00277821216	627	190.110098357	5.72781743932e+32
2.99767390776	628	190.110098357	5.72781743932e+32
2.99256942583	629	190.110098357	5.72781743932e+32
2.9874647665	630	190.110098357	5.72781743932e+32
2.98235992987	631	190.110098357	5.72781743932e+32
2.97725491605	632	190.110098357	5.72781743932e+32
2.97214972515	633	190.110098357	5.72781743932e+32
2.96704435728	634	190.110098357	5.72781743932e+32
2.96193881257	635	190.110098357	5.72781743932e+32
2.9568330911	636	190.110098357	5.72781743932e+32
2.95172719301	637	190.110098357	5.72781743932e+32
2.9466211184	638	190.110098357	5.72781743932e+32
2.9415148674	639	190.110098357	5.72781743932e+32
2.9364084401	640	190.110098357	5.72781743932e+32
2.93130183663	641	190.110098357	5.72781743932e+32
2.9261950571	642	190.110098357	5.72781743932e+32
2.92108810163	643	190.110098357	5.72781743932e+32
2.91598097034	644	190.110098357	5.72781743932e+32
2.91087366334	645	190.110098357	5.72781743932e+32
2.90576618075	646	190.110098357	5.72781743932e+32
2.90065852268	647	190.110098357	5.72781743932e+32
2.89555068926	648	190.110098357	5.72781743932e+32
2.89044268061	649	190.110098357	5.72781743932e+32
2.88533449684	650	190.110098357	5.72781743932e+32
2.88022613808	651	190.110098357	5.72781743932e+32
2.87511760444	652	190.110098357	5.72781743932e+32
2.87000889606	653	190.110098357	5.72781743932e+32
2.86490001304	654	190.110098357	5.72781743932e+32
2.85979095551	655	190.110098357	5.72781743932e+32
2.8546817236	656	190.110098357	5.72781743932e+32
2.84957231742	657	190.110098357	5.72781743932e+32
2.84446273711	658	190.110098357	5.72781743932e+32
2.83935298279	659	190.110098357	5.72781743932e+32
2.83424305458	660	190.110098357	5.72781743932e+32
2.8291329526	661	190.110098357	5.72781743932e+32
2.824022677	662	190.110098357	5.72781743932e+32
2.81891222788	663	190.110098357	5.72781743932e+32
2.81380160539	664	190.110098357	5.72781743932e+32
2.80869080964	665	190.110098357	5.72781743932e+32
2.80357984077	666	190.110098357	5.72781743932e+32
2.7984686989	667	190.110098357	5.72781743932e+32
2.79335738417	668	190.110098357	5.72781743932e+32
2.78824589671	669	190.110098357	5.72781743932e+32
2.78313423665	670	190.110098357	5.72781743932e+32
2.77802240411	671	190.110098357	5.72781743932e+32
2.77291039924	672	190.110098357	5.72781743932e+32
2.76779822216	673	190.110098357	5.72781743932e+32
2.76268587301	674	190.110098357	5.72781743932e+32
2.75757335193	675	190.110098357	5.72781743932e+32
2.75246065904	676	190.110098357	5.72781743932e+32
2.74734779449	677	190.110098357	5.72781743932e+32
2.74223475841	678	190.110098357	5.72781743932e+32
2.73712155094	679	190.110098357	5.72781743932e+32
2.73200817221	680	190.110098357	5.72781743932e+32
2.72689462236	681	190.110098357	5.72781743932e+32
2.72178090153	682	190.110098357	5.72781743932e+32
2.71666700987	683	190.110098357	5.72781743932e+32
2.71155294751	684	190.110098357	5.72781743932e+32
2.70643871459	685	190.110098357	5.72781743932e+32
2.70132431125	686	190.110098357	5.72781743932e+32
2.69620973764	687	190.110098357	5.72781743932e+32
2.69109499389	688	190.110098357	5.72781743932e+32
2.68598008016	689	190.110098357	5.72781743932e+32
2.68086499658	690	190.110098357	5.72781743932e+32
2.67574974331	691	190.110098357	5.72781743932e+32
2.67063432048	692	190.110098357	5.72781743932e+32
2.66551872825	693	190.110098357	5.72781743932e+32
2.66040296675	694	190.110098357	5.72781743932e+32
2.65528703614	695	190.110098357	5.72781743932e+32
2.65017093657	696	190.110098357	5.72781743932e+32
2.64505466818	697	190.110098357	5.72781743932e+32
2.63993823113	698	190.110098357	5.72781743932e+32
2.63482162556	699	190.110098357	5.72781743932e+32
2.62970485163	700	190.110098357	5.72781743932e+32
2.62458790949	701	190.110098357	5.72781743932e+32
2.61947079928	702	190.110098357	5.72781743932e+32
2.61435352118	703	190.110098357	5.72781743932e+32
2.60923607532	704	190.110098357	5.72781743932e+32
2.60411846186	705	190.110098357	5.72781743932e+32
2.59900068097	706	190.110098357	5.72781743932e+32
2.59388273279	707	190.110098357	5.72781743932e+32
2.58876461749	708	190.110098357	5.72781743932e+32
2.58364633521	709	190.110098357	5.72781743932e+32
2.57852788613	710	190.110098357	5.72781743932e+32
2.57340927039	711	190.110098357	5.72781743932e+32
2.56829048817	712	190.110098357	5.72781743932e+32
2.56317153961	713	190.110098357	5.72781743932e+32
2.55805242489	714	190.110098357	5.72781743932e+32
2.55293314417	715	190.110098357	5.72781743932e+32
2.5478136976	716	190.110098357	5.72781743932e+32
2.54269408536	717	190.110098357	5.72781743932e+32
2.53757430761	718	190.110098357	5.72781743932e+32
2.53245436451	719	190.110098357	5.72781743932e+32
2.52733425624	720	190.110098357	5.72781743932e+32
2.52221398295	721	190.110098357	5.72781743932e+32
2.51709354482	722	190.110098357	5.72781743932e+32
2.51197294202	723	190.110098357	5.72781743932e+32
2.50685217471	724	190.110098357	5.72781743932e+32
2.50173124307	725	190.110098357	5.72781743932e+32
2.49661014727	726	190.110098357	5.72781743932e+32
2.49148888749	727	190.110098357	5.72781743932e+32
2.48636746389	728	190.110098357	5.72781743932e+32
2.48124587665	729	190.110098357	5.72781743932e+32
2.47612412595	730	190.110098357	5.72781743932e+32
2.47100221196	731	190.110098357	5.72781743932e+32
2.46588013486	732	190.110098357	5.72781743932e+32
2.46075789483	733	190.110098357	5.72781743932e+32
2.45563549204	734	190.110098357	5.72781743932e+32
2.45051292668	735	190.110098357	5.72781743932e+32
2.44539019892	736	190.110098357	5.72781743932e+32
2.44026730896	737	190.110098357	5.72781743932e+32
2.43514425696	738	190.110098357	5.72781743932e+32
2.43002104312	739	190.110098357	5.72781743932e+32
2.42489766762	740	190.110098357	5.72781743932e+32
2.41977413065	741	190.110098357	5.72781743932e+32
2.41465043238	742	190.110098357	5.72781743932e+32
2.40952657301	743	190.110098357	5.72781743932e+32
2.40440255273	744	190.110098357	5.72781743932e+32
2.39927837172	745	190.110098357	5.72781743932e+32
2.39415403018	746	190.110098357	5.72781743932e+32
2.3890295283	747	190.110098357	5.72781743932e+32
2.38390486626	748	190.110098357	5.72781743932e+32
2.37878004427	749	190.110098357	5.72781743932e+32
2.37365506252	750	190.110098357	5.72781743932e+32
2.36852992119	751	190.110098357	5.72781743932e+32
2.3634046205	752	190.110098357	5.72781743932e+32
2.35827916063	753	190.110098357	5.72781743932e+32
2.35315354178	754	190.110098357	5.72781743932e+32
2.34802776415	755	190.110098357	5.72781743932e+32
2.34290182795	756	190.110098357	5.72781743932e+32
2.33777573338	757	190.110098357	5.72781743932e+32
2.33264948063	758	190.110098357	5.72781743932e+32
2.32752306991	759	190.110098357	5.72781743932e+32
2.32239650142	760	190.110098357	5.72781743932e+32
2.31726977538	761	190.110098357	5.72781743932e+32
2.31214289199	762	190.110098357	5.72781743932e+32
2.30701585145	763	190.110098357	5.72781743932e+32
2.30188865397	764	190.110098357	5.72781743932e+32
2.29676129977	765	190.110098357	5.72781743932e+32
2.29163378906	766	190.110098357	5.72781743932e+32
2.28650612204	767	190.110098357	5.72781743932e+32
2.28137829894	768	190.110098357	5.72781743932e+32
2.27625031996	769	190.110098357	5.72781743932e+32
2.27112218532	770	190.110098357	5.72781743932e+32
2.26599389525	771	190.110098357	5.72781743932e+32
2.26086544995	772	190.110098357	5.72781743932e+32
2.25573684965	773	190.110098357	5.72781743932e+32
2.25060809456	774	190.110098357	5.72781743932e+32
2.24547918492	775	190.110098357	5.72781743932e+32
2.24035012093	776	190.110098357	5.72781743932e+32
2.23522090284	777	190.110098357	5.72781743932e+32
2.23009153085	778	190.110098357	5.72781743932e+32
2.2249620052	779	190.110098357	5.72781743932e+32
2.21983232612	780	190.110098357	5.72781743932e+32
2.21470249383	781	190.110098357	5.72781743932e+32
2.20957250857	782	190.110098357	5.72781743932e+32
2.20444237056	783	190.110098357	5.72781743932e+32
2.19931208004	784	190.110098357	5.72781743932e+32
2.19418163725	785	190.110098357	5.72781743932e+32
2.18905104242	786	190.110098357	5.72781743932e+32
2.18392029578	787	190.110098357	5.72781743932e+32
2.17878939757	788	190.110098357	5.72781743932e+32
2.17365834804	789	190.110098357	5.72781743932e+32
2.16852714743	790	190.110098357	5.72781743932e+32
2.16339579597	791	190.110098357	5.72781743932e+32
2.15826429391	792	190.110098357	5.72781743932e+32
2.15313264149	793	190.110098357	5.72781743932e+32
2.14800083897	794	190.110098357	5.72781743932e+32
2.14286888658	795	190.110098357	5.72781743932e+32
2.13773678458	796	190.110098357	5.72781743932e+32
2.13260453322	797	190.110098357	5.72781743932e+32
2.12747213275	798	190.110098357	5.72781743932e+32
2.12233958342	799	190.110098357	5.72781743932e+32
2.11720688549	800	190.110098357	5.72781743932e+32
2.11207403921	801	190.110098357	5.72781743932e+32
2.10694104484	802	190.110098357	5.72781743932e+32
2.10180790264	803	190.110098357	5.72781743932e+32
2.09667461288	804	190.110098357	5.72781743932e+32
2.0915411758	805	190.110098357	5.72781743932e+32
2.08640759168	806	190.110098357	5.72781743932e+32
2.08127386079	807	190.110098357	5.72781743932e+32
2.07613998338	808	190.110098357	5.72781743932e+32
2.07100595972	809	190.110098357	5.72781743932e+32
2.0658717901	810	190.110098357	5.72781743932e+32
2.06073747477	811	190.110098357	5.72781743932e+32
2.05560301401	812	190.110098357	5.72781743932e+32
2.05046840809	813	190.110098357	5.72781743932e+32
2.04533365729	814	190.110098357	5.72781743932e+32
2.0401987619	815	190.110098357	5.72781743932e+32
2.03506372218	816	190.110098357	5.72781743932e+32
2.02992853841	817	190.110098357	5.72781743932e+32
2.02479321089	818	190.110098357	5.72781743932e+32
2.0196577399	819	190.110098357	5.72781743932e+32
2.01452212571	820	190.110098357	5.72781743932e+32
2.00938636863	821	190.110098357	5.72781743932e+32
2.00425046893	822	190.110098357	5.72781743932e+32
1.99911442691	823	190.110098357	5.72781743932e+32
1.99397824287	824	190.110098357	5.72781743932e+32
1.98884191709	825	190.110098357	5.72781743932e+32
1.98370544987	826	190.110098357	5.72781743932e+32
1.97856884152	827	190.110098357	5.72781743932e+32
1.97343209232	828	190.110098357	5.72781743932e+32
1.96829520259	829	190.110098357	5.72781743932e+32
1.96315817263	830	190.110098357	5.72781743932e+32
1.95802100274	831	190.110098357	5.72781743932e+32
1.95288369323	832	190.110098357	5.72781743932e+32
1.9477462444	833	190.110098357	5.72781743932e+32
1.94260865658	834	190.110098357	5.72781743932e+32
1.93747093007	835	190.110098357	5.72781743932e+32
1.93233306519	836	190.110098357	5.72781743932e+32
1.92719506225	837	190.110098357	5.72781743932e+32
1.92205692157	838	190.110098357	5.72781743932e+32
1.91691864348	839	190.110098357	5.72781743932e+32
1.9117802283	840	190.110098357	5.72781743932e+32
1.90664167635	841	190.110098357	5.72781743932e+32
1.90150298795	842	190.110098357	5.72781743932e+32
1.89636416345	843	190.110098357	5.72781743932e+32
1.89122520316	844	190.110098357	5.72781743932e+32
1.88608610742	845	190.110098357	5.72781743932e+32
1.88094687657	846	190.110098357	5.72781743932e+32
1.87580751095	847	190.110098357	5.72781743932e+32
1.87066801088	848	190.110098357	5.72781743932e+32
1.86552837672	849	190.110098357	5.72781743932e+32
1.86038860881	850	190.110098357	5.72781743932e+32
1.85524870749	851	190.110098357	5.72781743932e+32
1.85010867311	852	190.110098357	5.72781743932e+32
1.84496850603	853	190.110098357	5.72781743932e+32
1.83982820659	854	190.110098357	5.72781743932e+32
1.83468777515	855	190.110098357	5.72781743932e+32
1.82954721207	856	190.110098357	5.72781743932e+32
1.8244065177	857	190.110098357	5.72781743932e+32
1.81926569241	858	190.110098357	5.72781743932e+32
1.81412473656	859	190.110098357	5.72781743932e+32
1.80898365052	860	190.110098357	5.72781743932e+32
1.80384243465	861	190.110098357	5.72781743932e+32
1.79870108933	862	190.110098357	5.72781743932e+32
1.79355961494	863	190.110098357	5.72781743932e+32
1.78841801184	864	190.110098357	5.72781743932e+32
1.78327628042	865	190.110098357	5.72781743932e+32
1.77813442106	866	190.110098357	5.72781743932e+32
1.77299243414	867	190.110098357	5.72781743932e+32
1.76785032004	868	190.110098357	5.72781743932e+32
1.76270807916	869	190.110098357	5.72781743932e+32
1.75756571189	870	190.110098357	5.72781743932e+32
1.75242321862	871	190.110098357	5.72781743932e+32
1.74728059975	872	190.110098357	5.72781743932e+32
1.74213785567	873	190.110098357	5.72781743932e+32
1.7369949868	874	190.110098357	5.72781743932e+32
1.73185199353	875	190.110098357	5.72781743932e+32
1.72670887627	876	190.110098357	5.72781743932e+32
1.72156563543	877	190.110098357	5.72781743932e+32
1.71642227142	878	190.110098357	5.72781743932e+32
1.71127878467	879	190.110098357	5.72781743932e+32
1.70613517559	880	190.110098357	5.72781743932e+32
1.70099144459	881	190.110098357	5.72781743932e+32
1.69584759212	882	190.110098357	5.72781743932e+32
1.69070361858	883	190.110098357	5.72781743932e+32
1.68555952442	884	190.110098357	5.72781743932e+32
1.68041531006	885	190.110098357	5.72781743932e+32
1.67527097595	886	190.110098357	5.72781743932e+32
1.67012652252	887	190.110098357	5.72781743932e+32
1.66498195022	888	190.110098357	5.72781743932e+32
1.65983725949	889	190.110098357	5.72781743932e+32
1.65469245077	890	190.110098357	5.72781743932e+32
1.64954752453	891	190.110098357	5.72781743932e+32
1.64440248121	892	190.110098357	5.72781743932e+32
1.63925732128	893	190.110098357	5.72781743932e+32
1.6341120452	894	190.110098357	5.72781743932e+32
1.62896665343	895	190.110098357	5.72781743932e+32
1.62382114644	896	190.110098357	5.72781743932e+32
1.6186755247	897	190.110098357	5.72781743932e+32
1.61352978868	898	190.110098357	5.72781743932e+32
1.60838393888	899	190.110098357	5.72781743932e+32
1.60323797576	900	190.110098357	5.72781743932e+32
1.59809189981	901	190.110098357	5.72781743932e+32
1.59294571153	902	190.110098357	5.72781743932e+32
1.58779941141	903	190.110098357	5.72781743932e+32
1.58265299993	904	190.110098357	5.72781743932e+32
1.57750647761	905	190.110098357	5.72781743932e+32
1.57235984494	906	190.110098357	5.72781743932e+32
1.56721310243	907	190.110098357	5.72781743932e+32
1.5620662506	908	190.110098357	5.72781743932e+32
1.55691928996	909	190.110098357	5.72781743932e+32
1.55177222102	910	190.110098357	5.72781743932e+32
1.54662504431	911	190.110098357	5.72781743932e+32
1.54147776037	912	190.110098357	5.72781743932e+32
1.53633036971	913	190.110098357	5.72781743932e+32
1.53118287287	914	190.110098357	5.72781743932e+32
1.52603527039	915	190.110098357	5.72781743932e+32
1.52088756282	916	190.110098357	5.72781743932e+32
1.5157397507	917	190.110098357	5.72781743932e+32
1.51059183459	918	190.110098357	5.72781743932e+32
1.50544381503	919	190.110098357	5.72781743932e+32
1.50029569259	920	190.110098357	5.72781743932e+32
1.49514746783	921	190.110098357	5.72781743932e+32
1.48999914132	922	190.110098357	5.72781743932e+32
1.48485071363	923	190.110098357	5.72781743932e+32
1.47970218535	924	190.110098357	5.72781743932e+32
1.47455355705	925	190.110098357	5.72781743932e+32
1.46940482932	926	190.110098357	5.72781743932e+32
1.46425600274	927	190.110098357	5.72781743932e+32
1.45910707793	928	190.110098357	5.72781743932e+32
1.45395805547	929	190.110098357	5.72781743932e+32
1.44880893598	930	190.110098357	5.72781743932e+32
1.44365972006	931	190.110098357	5.72781743932e+32
1.43851040832	932	190.110098357	5.72781743932e+32
1.4333610014	933	190.110098357	5.72781743932e+32
1.4282114999	934	190.110098357	5.72781743932e+32
1.42306190448	935	190.110098357	5.72781743932e+32
1.41791221575	936	190.110098357	5.72781743932e+32
1.41276243436	937	190.110098357	5.72781743932e+32
1.40761256095	938	190.110098357	5.72781743932e+32
1.40246259618	939	190.110098357	5.72781743932e+32
1.39731254071	940	190.110098357	5.72781743932e+32
1.39216239519	941	190.110098357	5.72781743932e+32
1.38701216029	942	190.110098357	5.72781743932e+32
1.38186183669	943	190.110098357	5.72781743932e+32
1.37671142506	944	190.110098357	5.72781743932e+32
1.37156092609	945	190.110098357	5.72781743932e+32
1.36641034047	946	190.110098357	5.72781743932e+32
1.3612596689	947	190.110098357	5.72781743932e+32
1.35610891207	948	190.110098357	5.72781743932e+32
1.3509580707	949	190.110098357	5.72781743932e+32
1.34580714549	950	190.110098357	5.72781743932e+32
1.34065613718	951	190.110098357	5.72781743932e+32
1.33550504648	952	190.110098357	5.72781743932e+32
1.33035387413	953	190.110098357	5.72781743932e+32
1.32520262086	954	190.110098357	5.72781743932e+32
1.32005128743	955	190.110098357	5.72781743932e+32
1.31489987459	956	190.110098357	5.72781743932e+32
1.30974838308	957	190.110098357	5.72781743932e+32
1.30459681369	958	190.110098357	5.72781743932e+32
1.29944516718	959	190.110098357	5.72781743932e+32
1.29429344432	960	190.110098357	5.72781743932e+32
1.28914164591	961	190.110098357	5.72781743932e+32
1.28398977274	962	190.110098357	5.72781743932e+32
1.27883782561	963	190.110098357	5.72781743932e+32
1.27368580533	964	190.110098357	5.72781743932e+32
1.2685337127	965	190.110098357	5.72781743932e+32
1.26338154856	966	190.110098357	5.72781743932e+32
1.25822931373	967	190.110098357	5.72781743932e+32
1.25307700905	968	190.110098357	5.72781743932e+32
1.24792463537	969	190.110098357	5.72781743932e+32
1.24277219353	970	190.110098357	5.72781743932e+32
1.2376196844	971	190.110098357	5.72781743932e+32
1.23246710885	972	190.110098357	5.72781743932e+32
1.22731446775	973	190.110098357	5.72781743932e+32
1.22216176199	974	190.110098357	5.72781743932e+32
1.21700899246	975	190.110098357	5.72781743932e+32
1.21185616006	976	190.110098357	5.72781743932e+32
1.20670326571	977	190.110098357	5.72781743932e+32
1.20155031033	978	190.110098357	5.72781743932e+32
1.19639729483	979	190.110098357	5.72781743932e+32
1.19124422016	980	190.110098357	5.72781743932e+32
1.18609108727	981	190.110098357	5.72781743932e+32
1.1809378971	982	190.110098357	5.72781743932e+32
1.17578465063	983	190.110098357	5.72781743932e+32
1.17063134883	984	190.110098357	5.72781743932e+32
1.16547799268	985	190.110098357	5.72781743932e+32
1.16032458318	986	190.110098357	5.72781743932e+32
1.15517112132	987	190.110098357	5.72781743932e+32
1.15001760812	988	190.110098357	5.72781743932e+32
1.14486404461	989	190.110098357	5.72781743932e+32
1.13971043182	990	190.110098357	5.72781743932e+32
1.13455677079	991	190.110098357	5.72781743932e+32
1.12940306258	992	190.110098357	5.72781743932e+32
1.12424930824	993	190.110098357	5.72781743932e+32
1.11909550887	994	190.110098357	5.72781743932e+32
1.11394166555	995	190.110098357	5.72781743932e+32
1.10878777937	996	190.110098357	5.72781743932e+32
1.10363385144	997	190.110098357	5.72781743932e+32
1.09847988289	998	190.110098357	5.72781743932e+32
1.09332587486	999	190.110098357	5.72781743932e+32
1.08817182847	1000	190.110098357	5.72781743932e+32
1.0830177449	1001	190.110098357	5.72781743932e+32
1.07786362532	1002	190.110098357	5.72781743932e+32
1.0727094709	1003	190.110098357	5.72781743932e+32
1.06755528284	1004	190.110098357	5.72781743932e+32
1.06240106235	1005	190.110098357	5.72781743932e+32
1.05724681064	1006	190.110098357	5.72781743932e+32
1.05209252896	1007	190.110098357	5.72781743932e+32
1.04693821856	1008	190.110098357	5.72781743932e+32
1.04178388068	1009	190.110098357	5.72781743932e+32
1.03662951662	1010	190.110098357	5.72781743932e+32
1.03147512765	1011	190.110098357	5.72781743932e+32
1.02632071508	1012	190.110098357	5.72781743932e+32
1.02116628024	1013	190.110098357	5.72781743932e+32
1.01601182445	1014	190.110098357	5.72781743932e+32
1.01085734906	1015	190.110098357	5.72781743932e+32
1.00570285544	1016	190.110098357	5.72781743932e+32
1.00054834496	1017	190.110098357	5.72781743932e+32
0.995393819031	1018	190.110098357	5.72781743932e+32
0.990239279052	1019	190.110098357	5.72781743932e+32
0.985084726455	1020	190.110098357	5.72781743932e+32
0.979930162684	1021	190.110098357	5.72781743932e+32
0.974775589202	1022	190.110098357	5.72781743932e+32
0.969621007486	1023	190.110098357	5.72781743932e+32
0.964466419034	1024	190.110098357	5.72781743932e+32
0.95931182536	1025	190.110098357	5.72781743932e+32
0.954157227996	1026	190.110098357	5.72781743932e+32
0.949002628494	1027	190.110098357	5.72781743932e+32
0.943848028423	1028	190.110098357	5.72781743932e+32
0.938693429372	1029	190.110098357	5.72781743932e+32
0.93353883295	1030	190.110098357	5.72781743932e+32
0.928384240786	1031	190.110098357	5.72781743932e+32
0.923229654527	1032	190.110098357	5.72781743932e+32
0.918075075843	1033	190.110098357	5.72781743932e+32
0.912920506423	1034	190.110098357	5.72781743932e+32
0.90776594798	1035	190.110098357	5.72781743932e+32
0.902611402246	1036	190.110098357	5.72781743932e+32
0.897456870976	1037	190.110098357	5.72781743932e+32
0.892302355948	1038	190.110098357	5.72781743932e+32
0.887147858963	1039	190.110098357	5.72781743932e+32
0.881993381844	1040	190.110098357	5.72781743932e+32
0.87683892644	1041	190.110098357	5.72781743932e+32
0.871684494623	1042	190.110098357	5.72781743932e+32
0.866530088289	1043	190.110098357	5.72781743932e+32
0.86137570936	1044	190.110098357	5.72781743932e+32
0.856221359784	1045	190.110098357	5.72781743932e+32
0.851067041536	1046	190.110098357	5.72781743932e+32
0.845912756615	1047	190.110098357	5.72781743932e+32
0.840758507051	1048	190.110098357	5.72781743932e+32
0.835604294898	1049	190.110098357	5.72781743932e+32
0.83045012224	1050	190.110098357	5.72781743932e+32
0.825295991191	1051	190.110098357	5.72781743932e+32
0.820141903894	1052	190.110098357	5.72781743932e+32
0.81498786252	1053	190.110098357	5.72781743932e+32
0.809833869274	1054	190.110098357	5.72781743932e+32
0.80467992639	1055	190.110098357	5.72781743932e+32
0.799526036135	1056	190.110098357	5.72781743932e+32
0.794372200808	1057	190.110098357	5.72781743932e+32
0.789218422743	1058	190.110098357	5.72781743932e+32
0.784064704305	1059	190.110098357	5.72781743932e+32
0.778911047898	1060	190.110098357	5.72781743932e+32
0.773757455959	1061	190.110098357	5.72781743932e+32
0.76860393096	1062	190.110098357	5.72781743932e+32
0.763450475414	1063	190.110098357	5.72781743932e+32
0.758297091869	1064	190.110098357	5.72781743932e+32
0.753143782912	1065	190.110098357	5.72781743932e+32
0.747990551171	1066	190.110098357	5.72781743932e+32
0.742837399314	1067	190.110098357	5.72781743932e+32
0.737684330051	1068	190.110098357	5.72781743932e+32
0.732531346132	1069	190.110098357	5.72781743932e+32
0.727378450354	1070	190.110098357	5.72781743932e+32
0.722225645555	1071	190.110098357	5.72781743932e+32
0.717072934621	1072	190.110098357	5.72781743932e+32
0.711920320483	1073	190.110098357	5.72781743932e+32
0.706767806121	1074	190.110098357	5.72781743932e+32
0.701615394562	1075	190.110098357	5.72781743932e+32
0.696463088884	1076	190.110098357	5.72781743932e+32
0.691310892216	1077	190.110098357	5.72781743932e+32
0.686158807739	1078	190.110098357	5.72781743932e+32
0.681006838688	1079	190.110098357	5.72781743932e+32
0.675854988353	1080	190.110098357	5.72781743932e+32
0.670703260081	1081	190.110098357	5.72781743932e+32
0.665551657274	1082	190.110098357	5.72781743932e+32
0.660400183396	1083	190.110098357	5.72781743932e+32
0.655248841972	1084	190.110098357	5.72781743932e+32
0.650097636586	1085	190.110098357	5.72781743932e+32
0.644946570891	1086	190.110098357	5.72781743932e+32
0.6397956486	1087	190.110098357	5.72781743932e+32
0.634644873498	1088	190.110098357	5.72781743932e+32
0.629494249436	1089	190.110098357	5.72781743932e+32
0.624343780338	1090	190.110098357	5.72781743932e+32
0.6191934702	1091	190.110098357	5.72781743932e+32
0.614043323092	1092	190.110098357	5.72781743932e+32
0.608893343163	1093	190.110098357	5.72781743932e+32
0.603743534639	1094	190.110098357	5.72781743932e+32
0.598593901829	1095	190.110098357	5.72781743932e+32
0.593444449124	1096	190.110098357	5.72781743932e+32
0.588295181004	1097	190.110098357	5.72781743932e+32
0.583146102033	1098	190.110098357	5.72781743932e+32
0.57799721687	1099	190.110098357	5.72781743932e+32
0.572848530265	1100	190.110098357	5.72781743932e+32
0.567700047066	1101	190.110098357	5.72781743932e+32
0.562551772221	1102	190.110098357	5.72781743932e+32
0.557403710778	1103	190.110098357	5.72781743932e+32
0.552255867893	1104	190.110098357	5.72781743932e+32
0.547108248828	1105	190.110098357	5.72781743932e+32
0.54196085896	1106	190.110098357	5.72781743932e+32
0.536813703781	1107	190.110098357	5.72781743932e+32
0.531666788899	1108	190.110098357	5.72781743932e+32
0.526520120051	1109	190.110098357	5.72781743932e+32
0.521373703095	1110	190.110098357	5.72781743932e+32
0.516227544024	1111	190.110098357	5.72781743932e+32
0.511081648967	1112	190.110098357	5.72781743932e+32
0.505936024189	1113	190.110098357	5.72781743932e+32
0.500790676105	1114	190.110098357	5.72781743932e+32
0.495645611275	1115	190.110098357	5.72781743932e+32
0.490500836418	1116	190.110098357	5.72781743932e+32
0.48535635841	1117	190.110098357	5.72781743932e+32
0.480212184294	1118	190.110098357	5.72781743932e+32
0.475068321287	1119	190.110098357	5.72781743932e+32
0.469924776779	1120	190.110098357	5.72781743932e+32
0.46478155835	1121	190.110098357	5.72781743932e+32
0.459638673767	1122	190.110098357	5.72781743932e+32
0.454496130997	1123	190.110098357	5.72781743932e+32
0.449353938214	1124	190.110098357	5.72781743932e+32
0.444212103803	1125	190.110098357	5.72781743932e+32
0.439070636374	1126	190.110098357	5.72781743932e+32
0.433929544763	1127	190.110098357	5.72781743932e+32
0.428788838051	1128	190.110098357	5.72781743932e+32
0.423648525565	1129	190.110098357	5.72781743932e+32
0.418508616891	1130	190.110098357	5.72781743932e+32
0.413369121887	1131	190.110098357	5.72781743932e+32
0.408230050691	1132	190.110098357	5.72781743932e+32
0.403091413734	1133	190.110098357	5.72781743932e+32
0.397953221752	1134	190.110098357	5.72781743932e+32
0.392815485801	1135	190.110098357	5.72781743932e+32
0.387678217268	1136	190.110098357	5.72781743932e+32
0.38254142789	1137	190.110098357	5.72781743932e+32
0.377405129764	1138	190.110098357	5.72781743932e+32
0.372269335368	1139	190.110098357	5.72781743932e+32
0.367134057579	1140	190.110098357	5.72781743932e+32
0.361999309686	1141	190.110098357	5.72781743932e+32
0.356865105418	1142	190.110098357	5.72781743932e+32
0.351731458958	1143	190.110098357	5.72781743932e+32
0.346598384969	1144	190.110098357	5.72781743932e+32
0.341465898618	1145	190.110098357	5.72781743932e+32
0.336334015599	1146	190.110098357	5.72781743932e+32
0.331202752163	1147	190.110098357	5.72781743932e+32
0.326072125147	1148	190.110098357	5.72781743932e+32
0.320942152002	1149	190.110098357	5.72781743932e+32
0.315812850829	1150	190.110098357	5.72781743932e+32
0.310684240416	1151	190.110098357	5.72781743932e+32
0.305556340271	1152	190.110098357	5.72781743932e+32
0.30042917067	1153	190.110098357	5.72781743932e+32
0.295302752695	1154	190.110098357	5.72781743932e+32
0.290177108286	1155	190.110098357	5.72781743932e+32
0.285052260291	1156	190.110098357	5.72781743932e+32
0.27992823252	1157	190.110098357	5.72781743932e+32
0.274805049806	1158	190.110098357	5.72781743932e+32
0.269682738074	1159	190.110098357	5.72781743932e+32
0.264561324403	1160	190.110098357	5.72781743932e+32
0.259440837111	1161	190.110098357	5.72781743932e+32
0.254321305833	1162	190.110098357	5.72781743932e+32
0.249202761613	1163	190.110098357	5.72781743932e+32
0.244085237005	1164	190.110098357	5.72781743932e+32
0.238968766179	1165	190.110098357	5.72781743932e+32
0.233853385039	1166	190.110098357	5.72781743932e+32
0.228739131358	1167	190.110098357	5.72781743932e+32
0.223626044915	1168	190.110098357	5.72781743932e+32
0.218514167659	1169	190.110098357	5.72781743932e+32
0.213403543877	1170	190.110098357	5.72781743932e+32
0.208294220395	1171	190.110098357	5.72781743932e+32
0.203186246784	1172	190.110098357	5.72781743932e+32
0.198079675607	1173	190.110098357	5.72781743932e+32
0.19297456268	1174	190.110098357	5.72781743932e+32
0.187870967372	1175	190.110098357	5.72781743932e+32
0.182768952937	1176	190.110098357	5.72781743932e+32
0.177668586894	1177	190.110098357	5.72781743932e+32
0.172569941452	1178	190.110098357	5.72781743932e+32
0.167473093987	1179	190.110098357	5.72781743932e+32
0.162378127596	1180	190.110098357	5.72781743932e+32
0.157285131719	1181	190.110098357	5.72781743932e+32
0.152194202855	1182	190.110098357	5.72781743932e+32
0.14710544539	1183	190.110098357	5.72781743932e+32
0.142018972552	1184	190.110098357	5.72781743932e+32
0.136934907516	1185	190.110098357	5.72781743932e+32
0.131853384703	1186	190.110098357	5.72781743932e+32
0.126774551302	1187	190.110098357	5.72781743932e+32
0.121698569066	1188	190.110098357	5.72781743932e+32
0.116625616454	1189	190.110098357	5.72781743932e+32
0.111555891189	1190	190.110098357	5.72781743932e+32
0.10648961335	1191	190.110098357	5.72781743932e+32
