 6	 0	0.47997872284	8.36731285185e+24
5.99993015157	 1	1.65082184313	3.40424391716e+26
5.99968995923	 2	5.67761806989	1.38490050415e+28
5.99886555718	 3	19.5169511846	5.62543327424e+29
5.99609810395	 4	66.6558725799	2.24096618994e+31
5.98867232261	 5	212.975864673	7.30989637546e+32
5.98403661767	 6	212.975864673	7.30989637546e+32
5.97940267648	 7	212.975864673	7.30989637546e+32
5.97477049991	 8	212.975864673	7.30989637546e+32
5.97014008884	 9	212.975864673	7.30989637546e+32
5.96551144415	10	212.975864673	7.30989637546e+32
5.96088456672	11	212.975864673	7.30989637546e+32
5.95625945741	12	212.975864673	7.30989637546e+32
5.95163611709	13	212.975864673	7.30989637546e+32
5.94701454664	14	212.975864673	7.30989637546e+32
5.94239474693	15	212.975864673	7.30989637546e+32
5.93777671882	16	212.975864673	7.30989637546e+32
5.93316046318	17	212.975864673	7.30989637546e+32
5.92854598086	18	212.975864673	7.30989637546e+32
5.92393327275	19	212.975864673	7.30989637546e+32
5.91932233968	20	212.975864673	7.30989637546e+32
5.91471318253	21	212.975864673	7.30989637546e+32
5.91010580216	22	212.975864673	7.30989637546e+32
5.90550019941	23	212.975864673	7.30989637546e+32
5.90089637515	24	212.975864673	7.30989637546e+32
5.89629433023	25	212.975864673	7.30989637546e+32
5.8916940655	26	212.975864673	7.30989637546e+32
5.88709558181	27	212.975864673	7.30989637546e+32
5.88249888001	28	212.975864673	7.30989637546e+32
5.87790396094	29	212.975864673	7.30989637546e+32
5.87331082547	30	212.975864673	7.30989637546e+32
5.86871947442	31	212.975864673	7.30989637546e+32
5.86412990864	32	212.975864673	7.30989637546e+32
5.85954212899	33	212.975864673	7.30989637546e+32
5.85495613628	34	212.975864673	7.30989637546e+32
5.85037193137	35	212.975864673	7.30989637546e+32
5.84578951509	36	212.975864673	7.30989637546e+32
5.84120888828	37	212.975864673	7.30989637546e+32
5.83663005177	38	212.975864673	7.30989637546e+32
5.8320530064	39	212.975864673	7.30989637546e+32
5.82747775299	40	212.975864673	7.30989637546e+32
5.82290429238	41	212.975864673	7.30989637546e+32
5.81833262539	42	212.975864673	7.30989637546e+32
5.81376275285	43	212.975864673	7.30989637546e+32
5.8091946756	44	212.975864673	7.30989637546e+32
5.80462839444	45	212.975864673	7.30989637546e+32
5.80006391021	46	212.975864673	7.30989637546e+32
5.79550122372	47	212.975864673	7.30989637546e+32
5.7909403358	48	212.975864673	7.30989637546e+32
5.78638124726	49	212.975864673	7.30989637546e+32
5.78182395892	50	212.975864673	7.30989637546e+32
5.77726847159	51	212.975864673	7.30989637546e+32
5.77271478609	52	212.975864673	7.30989637546e+32
5.76816290323	53	212.975864673	7.30989637546e+32
5.76361282383	54	212.975864673	7.30989637546e+32
5.75906454868	55	212.975864673	7.30989637546e+32
5.7545180786	56	212.975864673	7.30989637546e+32
5.74997341439	57	212.975864673	7.30989637546e+32
5.74543055686	58	212.975864673	7.30989637546e+32
5.74088950681	59	212.975864673	7.30989637546e+32
5.73635026504	60	212.975864673	7.30989637546e+32
5.73181283236	61	212.975864673	7.30989637546e+32
5.72727720955	62	212.975864673	7.30989637546e+32
5.72274339743	63	212.975864673	7.30989637546e+32
5.71821139678	64	212.975864673	7.30989637546e+32
5.7136812084	65	212.975864673	7.30989637546e+32
5.70915283308	66	212.975864673	7.30989637546e+32
5.70462627161	67	212.975864673	7.30989637546e+32
5.70010152478	68	212.975864673	7.30989637546e+32
5.69557859338	69	212.975864673	7.30989637546e+32
5.6910574782	70	212.975864673	7.30989637546e+32
5.68653818001	71	212.975864673	7.30989637546e+32
5.68202069962	72	212.975864673	7.30989637546e+32
5.67750503778	73	212.975864673	7.30989637546e+32
5.6729911953	74	212.975864673	7.30989637546e+32
5.66847917294	75	212.975864673	7.30989637546e+32
5.66396897149	76	212.975864673	7.30989637546e+32
5.65946059171	77	212.975864673	7.30989637546e+32
5.65495403439	78	212.975864673	7.30989637546e+32
5.6504493003	79	212.975864673	7.30989637546e+32
5.64594639021	80	212.975864673	7.30989637546e+32
5.64144530488	81	212.975864673	7.30989637546e+32
5.63694604509	82	212.975864673	7.30989637546e+32
5.63244861161	83	212.975864673	7.30989637546e+32
5.6279530052	84	212.975864673	7.30989637546e+32
5.62345922661	85	212.975864673	7.30989637546e+32
5.61896727663	86	212.975864673	7.30989637546e+32
5.614477156	87	212.975864673	7.30989637546e+32
5.60998886549	88	212.975864673	7.30989637546e+32
5.60550240585	89	212.975864673	7.30989637546e+32
5.60101777784	90	212.975864673	7.30989637546e+32
5.59653498222	91	212.975864673	7.30989637546e+32
5.59205401973	92	212.975864673	7.30989637546e+32
5.58757489114	93	212.975864673	7.30989637546e+32
5.58309759719	94	212.975864673	7.30989637546e+32
5.57862213862	95	212.975864673	7.30989637546e+32
5.5741485162	96	212.975864673	7.30989637546e+32
5.56967673065	97	212.975864673	7.30989637546e+32
5.56520678273	98	212.975864673	7.30989637546e+32
5.56073867318	99	212.975864673	7.30989637546e+32
5.55627240275	100	212.975864673	7.30989637546e+32
5.55180797216	101	212.975864673	7.30989637546e+32
5.54734538216	102	212.975864673	7.30989637546e+32
5.54288463348	103	212.975864673	7.30989637546e+32
5.53842572687	104	212.975864673	7.30989637546e+32
5.53396866305	105	212.975864673	7.30989637546e+32
5.52951344275	106	212.975864673	7.30989637546e+32
5.52506006671	107	212.975864673	7.30989637546e+32
5.52060853565	108	212.975864673	7.30989637546e+32
5.51615885031	109	212.975864673	7.30989637546e+32
5.51171101141	110	212.975864673	7.30989637546e+32
5.50726501967	111	212.975864673	7.30989637546e+32
5.50282087581	112	212.975864673	7.30989637546e+32
5.49837858056	113	212.975864673	7.30989637546e+32
5.49393813464	114	212.975864673	7.30989637546e+32
5.48949953877	115	212.975864673	7.30989637546e+32
5.48506279366	116	212.975864673	7.30989637546e+32
5.48062790002	117	212.975864673	7.30989637546e+32
5.47619485858	118	212.975864673	7.30989637546e+32
5.47176367004	119	212.975864673	7.30989637546e+32
5.46733433511	120	212.975864673	7.30989637546e+32
5.46290685451	121	212.975864673	7.30989637546e+32
5.45848122894	122	212.975864673	7.30989637546e+32
5.45405745911	123	212.975864673	7.30989637546e+32
5.44963554571	124	212.975864673	7.30989637546e+32
5.44521548947	125	212.975864673	7.30989637546e+32
5.44079729107	126	212.975864673	7.30989637546e+32
5.43638095121	127	212.975864673	7.30989637546e+32
5.4319664706	128	212.975864673	7.30989637546e+32
5.42755384994	129	212.975864673	7.30989637546e+32
5.42314308991	130	212.975864673	7.30989637546e+32
5.41873419121	131	212.975864673	7.30989637546e+32
5.41432715453	132	212.975864673	7.30989637546e+32
5.40992198057	133	212.975864673	7.30989637546e+32
5.40551867002	134	212.975864673	7.30989637546e+32
5.40111722355	135	212.975864673	7.30989637546e+32
5.39671764186	136	212.975864673	7.30989637546e+32
5.39231992564	137	212.975864673	7.30989637546e+32
5.38792407556	138	212.975864673	7.30989637546e+32
5.38353009231	139	212.975864673	7.30989637546e+32
5.37913797656	140	212.975864673	7.30989637546e+32
5.374747729	141	212.975864673	7.30989637546e+32
5.37035935031	142	212.975864673	7.30989637546e+32
5.36597284115	143	212.975864673	7.30989637546e+32
5.36158820221	144	212.975864673	7.30989637546e+32
5.35720543415	145	212.975864673	7.30989637546e+32
5.35282453765	146	212.975864673	7.30989637546e+32
5.34844551337	147	212.975864673	7.30989637546e+32
5.34406836199	148	212.975864673	7.30989637546e+32
5.33969308416	149	212.975864673	7.30989637546e+32
5.33531968056	150	212.975864673	7.30989637546e+32
5.33094815185	151	212.975864673	7.30989637546e+32
5.32657849869	152	212.975864673	7.30989637546e+32
5.32221072173	153	212.975864673	7.30989637546e+32
5.31784482165	154	212.975864673	7.30989637546e+32
5.31348079909	155	212.975864673	7.30989637546e+32
5.30911865471	156	212.975864673	7.30989637546e+32
5.30475838916	157	212.975864673	7.30989637546e+32
5.3004000031	158	212.975864673	7.30989637546e+32
5.29604349719	159	212.975864673	7.30989637546e+32
5.29168887206	160	212.975864673	7.30989637546e+32
5.28733612836	161	212.975864673	7.30989637546e+32
5.28298526675	162	212.975864673	7.30989637546e+32
5.27863628786	163	212.975864673	7.30989637546e+32
5.27428919235	164	212.975864673	7.30989637546e+32
5.26994398084	165	212.975864673	7.30989637546e+32
5.26560065399	166	212.975864673	7.30989637546e+32
5.26125921243	167	212.975864673	7.30989637546e+32
5.2569196568	168	212.975864673	7.30989637546e+32
5.25258198773	169	212.975864673	7.30989637546e+32
5.24824620586	170	212.975864673	7.30989637546e+32
5.24391231182	171	212.975864673	7.30989637546e+32
5.23958030624	172	212.975864673	7.30989637546e+32
5.23525018976	173	212.975864673	7.30989637546e+32
5.23092196299	174	212.975864673	7.30989637546e+32
5.22659562657	175	212.975864673	7.30989637546e+32
5.22227118111	176	212.975864673	7.30989637546e+32
5.21794862725	177	212.975864673	7.30989637546e+32
5.21362796561	178	212.975864673	7.30989637546e+32
5.2093091968	179	212.975864673	7.30989637546e+32
5.20499232144	180	212.975864673	7.30989637546e+32
5.20067734016	181	212.975864673	7.30989637546e+32
5.19636425357	182	212.975864673	7.30989637546e+32
5.19205306227	183	212.975864673	7.30989637546e+32
5.18774376689	184	212.975864673	7.30989637546e+32
5.18343636803	185	212.975864673	7.30989637546e+32
5.17913086631	186	212.975864673	7.30989637546e+32
5.17482726233	187	212.975864673	7.30989637546e+32
5.1705255567	188	212.975864673	7.30989637546e+32
5.16622575002	189	212.975864673	7.30989637546e+32
5.1619278429	190	212.975864673	7.30989637546e+32
5.15763183594	191	212.975864673	7.30989637546e+32
5.15333772974	192	212.975864673	7.30989637546e+32
5.14904552489	193	212.975864673	7.30989637546e+32
5.144755222	194	212.975864673	7.30989637546e+32
5.14046682166	195	212.975864673	7.30989637546e+32
5.13618032446	196	212.975864673	7.30989637546e+32
5.13189573101	197	212.975864673	7.30989637546e+32
5.12761304188	198	212.975864673	7.30989637546e+32
5.12333225767	199	212.975864673	7.30989637546e+32
5.11905337896	200	212.975864673	7.30989637546e+32
5.11477640635	201	212.975864673	7.30989637546e+32
5.11050134041	202	212.975864673	7.30989637546e+32
5.10622818173	203	212.975864673	7.30989637546e+32
5.1019569309	204	212.975864673	7.30989637546e+32
5.09768758849	205	212.975864673	7.30989637546e+32
5.09341945089	206	212.975864673	7.30989637546e+32
5.08915022565	207	212.975864673	7.30989637546e+32
5.08487991078	208	212.975864673	7.30989637546e+32
5.08060850424	209	212.975864673	7.30989637546e+32
5.07633600402	210	212.975864673	7.30989637546e+32
5.07206240807	211	212.975864673	7.30989637546e+32
5.06778771437	212	212.975864673	7.30989637546e+32
5.06351192086	213	212.975864673	7.30989637546e+32
5.0592350255	214	212.975864673	7.30989637546e+32
5.05495702624	215	212.975864673	7.30989637546e+32
5.05067792102	216	212.975864673	7.30989637546e+32
5.04639770777	217	212.975864673	7.30989637546e+32
5.04211638441	218	212.975864673	7.30989637546e+32
5.03783394889	219	212.975864673	7.30989637546e+32
5.03355039911	220	212.975864673	7.30989637546e+32
5.02926573298	221	212.975864673	7.30989637546e+32
5.02497994842	222	212.975864673	7.30989637546e+32
5.02069304332	223	212.975864673	7.30989637546e+32
5.01640501558	224	212.975864673	7.30989637546e+32
5.01211586308	225	212.975864673	7.30989637546e+32
5.00782558373	226	212.975864673	7.30989637546e+32
5.00353417538	227	212.975864673	7.30989637546e+32
4.99924163592	228	212.975864673	7.30989637546e+32
4.99494796321	229	212.975864673	7.30989637546e+32
4.99065315511	230	212.975864673	7.30989637546e+32
4.98635720947	231	212.975864673	7.30989637546e+32
4.98206012416	232	212.975864673	7.30989637546e+32
4.977761897	233	212.975864673	7.30989637546e+32
4.97346252584	234	212.975864673	7.30989637546e+32
4.9691620085	235	212.975864673	7.30989637546e+32
4.96486034282	236	212.975864673	7.30989637546e+32
4.96055752661	237	212.975864673	7.30989637546e+32
4.95625355768	238	212.975864673	7.30989637546e+32
4.95194843385	239	212.975864673	7.30989637546e+32
4.94764215291	240	212.975864673	7.30989637546e+32
4.94333471266	241	212.975864673	7.30989637546e+32
4.93902611088	242	212.975864673	7.30989637546e+32
4.93471634537	243	212.975864673	7.30989637546e+32
4.9304054139	244	212.975864673	7.30989637546e+32
4.92609331423	245	212.975864673	7.30989637546e+32
4.92178004414	246	212.975864673	7.30989637546e+32
4.91746560137	247	212.975864673	7.30989637546e+32
4.91314998369	248	212.975864673	7.30989637546e+32
4.90883318883	249	212.975864673	7.30989637546e+32
4.90451521454	250	212.975864673	7.30989637546e+32
4.90019605855	251	212.975864673	7.30989637546e+32
4.89587571859	252	212.975864673	7.30989637546e+32
4.89155419237	253	212.975864673	7.30989637546e+32
4.88723147761	254	212.975864673	7.30989637546e+32
4.88290757202	255	212.975864673	7.30989637546e+32
4.8785824733	256	212.975864673	7.30989637546e+32
4.87425617914	257	212.975864673	7.30989637546e+32
4.86992868723	258	212.975864673	7.30989637546e+32
4.86559999525	259	212.975864673	7.30989637546e+32
4.86127010087	260	212.975864673	7.30989637546e+32
4.85693900177	261	212.975864673	7.30989637546e+32
4.85260669561	262	212.975864673	7.30989637546e+32
4.84827318004	263	212.975864673	7.30989637546e+32
4.8439384527	264	212.975864673	7.30989637546e+32
4.83960251125	265	212.975864673	7.30989637546e+32
4.83526535331	266	212.975864673	7.30989637546e+32
4.83092697651	267	212.975864673	7.30989637546e+32
4.82658737847	268	212.975864673	7.30989637546e+32
4.82224655682	269	212.975864673	7.30989637546e+32
4.81790450915	270	212.975864673	7.30989637546e+32
4.81356123307	271	212.975864673	7.30989637546e+32
4.80921672617	272	212.975864673	7.30989637546e+32
4.80487098603	273	212.975864673	7.30989637546e+32
4.80052401025	274	212.975864673	7.30989637546e+32
4.79617579638	275	212.975864673	7.30989637546e+32
4.79182634201	276	212.975864673	7.30989637546e+32
4.78747564467	277	212.975864673	7.30989637546e+32
4.78324122334	278	212.975864673	7.30989637546e+32
4.77894770421	279	212.975864673	7.30989637546e+32
4.77468433728	280	212.975864673	7.30989637546e+32
4.77040547527	281	212.975864673	7.30989637546e+32
4.76613441236	282	212.975864673	7.30989637546e+32
4.76185924439	283	212.975864673	7.30989637546e+32
4.75758605212	284	212.975864673	7.30989637546e+32
4.75331172793	285	212.975864673	7.30989637546e+32
4.74903786007	286	212.975864673	7.30989637546e+32
4.74476363664	287	212.975864673	7.30989637546e+32
4.74048947281	288	212.975864673	7.30989637546e+32
4.73621515628	289	212.975864673	7.30989637546e+32
4.73194079569	290	212.975864673	7.30989637546e+32
4.72766633549	291	212.975864673	7.30989637546e+32
4.72339180415	292	212.975864673	7.30989637546e+32
4.71911718713	293	212.975864673	7.30989637546e+32
4.71484249191	294	212.975864673	7.30989637546e+32
4.7105677147	295	212.975864673	7.30989637546e+32
4.70629285748	296	212.975864673	7.30989637546e+32
4.70201791927	297	212.975864673	7.30989637546e+32
4.69774290061	298	212.975864673	7.30989637546e+32
4.69346780126	299	212.975864673	7.30989637546e+32
4.68919262139	300	212.975864673	7.30989637546e+32
4.68491736094	301	212.975864673	7.30989637546e+32
4.68064201998	302	212.975864673	7.30989637546e+32
4.67636659852	303	212.975864673	7.30989637546e+32
4.67209109659	304	212.975864673	7.30989637546e+32
4.66781551422	305	212.975864673	7.30989637546e+32
4.66353985142	306	212.975864673	7.30989637546e+32
4.65926410822	307	212.975864673	7.30989637546e+32
4.65498828466	308	212.975864673	7.30989637546e+32
4.65071238075	309	212.975864673	7.30989637546e+32
4.64643639652	310	212.975864673	7.30989637546e+32
4.642160332	311	212.975864673	7.30989637546e+32
4.63788418722	312	212.975864673	7.30989637546e+32
4.63360796219	313	212.975864673	7.30989637546e+32
4.62933165694	314	212.975864673	7.30989637546e+32
4.62505527151	315	212.975864673	7.30989637546e+32
4.62077880592	316	212.975864673	7.30989637546e+32
4.61650226019	317	212.975864673	7.30989637546e+32
4.61222563435	318	212.975864673	7.30989637546e+32
4.60794892842	319	212.975864673	7.30989637546e+32
4.60367214244	320	212.975864673	7.30989637546e+32
4.59939527642	321	212.975864673	7.30989637546e+32
4.5951183304	322	212.975864673	7.30989637546e+32
4.59084130441	323	212.975864673	7.30989637546e+32
4.58656419846	324	212.975864673	7.30989637546e+32
4.58228701258	325	212.975864673	7.30989637546e+32
4.57800974681	326	212.975864673	7.30989637546e+32
4.57373240117	327	212.975864673	7.30989637546e+32
4.56945497568	328	212.975864673	7.30989637546e+32
4.56517747037	329	212.975864673	7.30989637546e+32
4.56089988528	330	212.975864673	7.30989637546e+32
4.55662222042	331	212.975864673	7.30989637546e+32
4.55234447582	332	212.975864673	7.30989637546e+32
4.54806665152	333	212.975864673	7.30989637546e+32
4.54378874753	334	212.975864673	7.30989637546e+32
4.53951076389	335	212.975864673	7.30989637546e+32
4.53523270063	336	212.975864673	7.30989637546e+32
4.53095455776	337	212.975864673	7.30989637546e+32
4.52667633532	338	212.975864673	7.30989637546e+32
4.52239803334	339	212.975864673	7.30989637546e+32
4.51811965184	340	212.975864673	7.30989637546e+32
4.51384119085	341	212.975864673	7.30989637546e+32
4.5095626504	342	212.975864673	7.30989637546e+32
4.50528403051	343	212.975864673	7.30989637546e+32
4.50100533123	344	212.975864673	7.30989637546e+32
4.49672655256	345	212.975864673	7.30989637546e+32
4.49244769454	346	212.975864673	7.30989637546e+32
4.48816875721	347	212.975864673	7.30989637546e+32
4.48388974058	348	212.975864673	7.30989637546e+32
4.47961064469	349	212.975864673	7.30989637546e+32
4.47533146956	350	212.975864673	7.30989637546e+32
4.47105221522	351	212.975864673	7.30989637546e+32
4.4667728817	352	212.975864673	7.30989637546e+32
4.46249346903	353	212.975864673	7.30989637546e+32
4.45821397725	354	212.975864673	7.30989637546e+32
4.45393440636	355	212.975864673	7.30989637546e+32
4.44965475642	356	212.975864673	7.30989637546e+32
4.44537502743	357	212.975864673	7.30989637546e+32
4.44109521944	358	212.975864673	7.30989637546e+32
4.43681533248	359	212.975864673	7.30989637546e+32
4.43253536656	360	212.975864673	7.30989637546e+32
4.42825532172	361	212.975864673	7.30989637546e+32
4.423975198	362	212.975864673	7.30989637546e+32
4.41969499541	363	212.975864673	7.30989637546e+32
4.41541471399	364	212.975864673	7.30989637546e+32
4.41113435377	365	212.975864673	7.30989637546e+32
4.40685391477	366	212.975864673	7.30989637546e+32
4.40257339704	367	212.975864673	7.30989637546e+32
4.39829280058	368	212.975864673	7.30989637546e+32
4.39401212545	369	212.975864673	7.30989637546e+32
4.38973137166	370	212.975864673	7.30989637546e+32
4.38545053925	371	212.975864673	7.30989637546e+32
4.38116962824	372	212.975864673	7.30989637546e+32
4.37688863867	373	212.975864673	7.30989637546e+32
4.37260757056	374	212.975864673	7.30989637546e+32
4.36832642395	375	212.975864673	7.30989637546e+32
4.36404519886	376	212.975864673	7.30989637546e+32
4.35976389533	377	212.975864673	7.30989637546e+32
4.35548251339	378	212.975864673	7.30989637546e+32
4.35120105307	379	212.975864673	7.30989637546e+32
4.34691951439	380	212.975864673	7.30989637546e+32
4.34263789739	381	212.975864673	7.30989637546e+32
4.3383562021	382	212.975864673	7.30989637546e+32
4.33407442855	383	212.975864673	7.30989637546e+32
4.32979257678	384	212.975864673	7.30989637546e+32
4.3255106468	385	212.975864673	7.30989637546e+32
4.32122863865	386	212.975864673	7.30989637546e+32
4.31694655237	387	212.975864673	7.30989637546e+32
4.31266438799	388	212.975864673	7.30989637546e+32
4.30838214553	389	212.975864673	7.30989637546e+32
4.30409982502	390	212.975864673	7.30989637546e+32
4.29981742651	391	212.975864673	7.30989637546e+32
4.29553495002	392	212.975864673	7.30989637546e+32
4.29125239557	393	212.975864673	7.30989637546e+32
4.28696976321	394	212.975864673	7.30989637546e+32
4.28268705297	395	212.975864673	7.30989637546e+32
4.27840426487	396	212.975864673	7.30989637546e+32
4.27412139895	397	212.975864673	7.30989637546e+32
4.26983845525	398	212.975864673	7.30989637546e+32
4.26555543378	399	212.975864673	7.30989637546e+32
4.26127233459	400	212.975864673	7.30989637546e+32
4.2569891577	401	212.975864673	7.30989637546e+32
4.25270590316	402	212.975864673	7.30989637546e+32
4.24842257099	403	212.975864673	7.30989637546e+32
4.24413916122	404	212.975864673	7.30989637546e+32
4.23985567388	405	212.975864673	7.30989637546e+32
4.23557210902	406	212.975864673	7.30989637546e+32
4.23128846666	407	212.975864673	7.30989637546e+32
4.22700474683	408	212.975864673	7.30989637546e+32
4.22272094957	409	212.975864673	7.30989637546e+32
4.2184370749	410	212.975864673	7.30989637546e+32
4.21415312288	411	212.975864673	7.30989637546e+32
4.20986909351	412	212.975864673	7.30989637546e+32
4.20558498685	413	212.975864673	7.30989637546e+32
4.20130080292	414	212.975864673	7.30989637546e+32
4.19701654176	415	212.975864673	7.30989637546e+32
4.19273220339	416	212.975864673	7.30989637546e+32
4.18844778786	417	212.975864673	7.30989637546e+32
4.1841632952	418	212.975864673	7.30989637546e+32
4.17987872543	419	212.975864673	7.30989637546e+32
4.1755940786	420	212.975864673	7.30989637546e+32
4.17130935473	421	212.975864673	7.30989637546e+32
4.16702455387	422	212.975864673	7.30989637546e+32
4.16273967605	423	212.975864673	7.30989637546e+32
4.15845472129	424	212.975864673	7.30989637546e+32
4.15416968964	425	212.975864673	7.30989637546e+32
4.14988458112	426	212.975864673	7.30989637546e+32
4.14559939578	427	212.975864673	7.30989637546e+32
4.14131413364	428	212.975864673	7.30989637546e+32
4.13702879475	429	212.975864673	7.30989637546e+32
4.13274337913	430	212.975864673	7.30989637546e+32
4.12845788683	431	212.975864673	7.30989637546e+32
4.12417231787	432	212.975864673	7.30989637546e+32
4.11988667229	433	212.975864673	7.30989637546e+32
4.11560095012	434	212.975864673	7.30989637546e+32
4.11131515141	435	212.975864673	7.30989637546e+32
4.10702927618	436	212.975864673	7.30989637546e+32
4.10274332447	437	212.975864673	7.30989637546e+32
4.09845729632	438	212.975864673	7.30989637546e+32
4.09417119176	439	212.975864673	7.30989637546e+32
4.08988501083	440	212.975864673	7.30989637546e+32
4.08559875357	441	212.975864673	7.30989637546e+32
4.08131242	442	212.975864673	7.30989637546e+32
4.07702601016	443	212.975864673	7.30989637546e+32
4.0727395241	444	212.975864673	7.30989637546e+32
4.06845296184	445	212.975864673	7.30989637546e+32
4.06416632343	446	212.975864673	7.30989637546e+32
4.05987960889	447	212.975864673	7.30989637546e+32
4.05559281827	448	212.975864673	7.30989637546e+32
4.0513059516	449	212.975864673	7.30989637546e+32
4.04701900892	450	212.975864673	7.30989637546e+32
4.04273199026	451	212.975864673	7.30989637546e+32
4.03844489567	452	212.975864673	7.30989637546e+32
4.03415772517	453	212.975864673	7.30989637546e+32
4.0298704788	454	212.975864673	7.30989637546e+32
4.02558315661	455	212.975864673	7.30989637546e+32
4.02129575863	456	212.975864673	7.30989637546e+32
4.01700828489	457	212.975864673	7.30989637546e+32
4.01272073544	458	212.975864673	7.30989637546e+32
4.0084331103	459	212.975864673	7.30989637546e+32
4.00414540953	460	212.975864673	7.30989637546e+32
3.99985763315	461	212.975864673	7.30989637546e+32
3.9955697812	462	212.975864673	7.30989637546e+32
3.99128185372	463	212.975864673	7.30989637546e+32
3.98699385075	464	212.975864673	7.30989637546e+32
3.98270577233	465	212.975864673	7.30989637546e+32
3.97841761849	466	212.975864673	7.30989637546e+32
3.97412938928	467	212.975864673	7.30989637546e+32
3.96984108472	468	212.975864673	7.30989637546e+32
3.96555270487	469	212.975864673	7.30989637546e+32
3.96126424975	470	212.975864673	7.30989637546e+32
3.95697571941	471	212.975864673	7.30989637546e+32
3.95268711388	472	212.975864673	7.30989637546e+32
3.9483984332	473	212.975864673	7.30989637546e+32
3.94410967742	474	212.975864673	7.30989637546e+32
3.93982084657	475	212.975864673	7.30989637546e+32
3.93553194069	476	212.975864673	7.30989637546e+32
3.93124295982	477	212.975864673	7.30989637546e+32
3.926953904	478	212.975864673	7.30989637546e+32
3.92266477326	479	212.975864673	7.30989637546e+32
3.91837556765	480	212.975864673	7.30989637546e+32
3.91408628721	481	212.975864673	7.30989637546e+32
3.90979693198	482	212.975864673	7.30989637546e+32
3.90550750199	483	212.975864673	7.30989637546e+32
3.90121799729	484	212.975864673	7.30989637546e+32
3.89692841791	485	212.975864673	7.30989637546e+32
3.8926387639	486	212.975864673	7.30989637546e+32
3.8883490353	487	212.975864673	7.30989637546e+32
3.88405923215	488	212.975864673	7.30989637546e+32
3.87976935448	489	212.975864673	7.30989637546e+32
3.87547940234	490	212.975864673	7.30989637546e+32
3.87118937576	491	212.975864673	7.30989637546e+32
3.8668992748	492	212.975864673	7.30989637546e+32
3.86260909949	493	212.975864673	7.30989637546e+32
3.85831884986	494	212.975864673	7.30989637546e+32
3.85402852597	495	212.975864673	7.30989637546e+32
3.84973812785	496	212.975864673	7.30989637546e+32
3.84544765555	497	212.975864673	7.30989637546e+32
3.8411571091	498	212.975864673	7.30989637546e+32
3.83686648855	499	212.975864673	7.30989637546e+32
3.83257579394	500	212.975864673	7.30989637546e+32
3.82828502531	501	212.975864673	7.30989637546e+32
3.8239941827	502	212.975864673	7.30989637546e+32
3.81970326615	503	212.975864673	7.30989637546e+32
3.81541227571	504	212.975864673	7.30989637546e+32
3.81112121143	505	212.975864673	7.30989637546e+32
3.80683007333	506	212.975864673	7.30989637546e+32
3.80253886146	507	212.975864673	7.30989637546e+32
3.79824757587	508	212.975864673	7.30989637546e+32
3.7939562166	509	212.975864673	7.30989637546e+32
3.78966478369	510	212.975864673	7.30989637546e+32
3.78537327719	511	212.975864673	7.30989637546e+32
3.78108169713	512	212.975864673	7.30989637546e+32
3.77679004356	513	212.975864673	7.30989637546e+32
3.77249831653	514	212.975864673	7.30989637546e+32
3.76820651607	515	212.975864673	7.30989637546e+32
3.76391464223	516	212.975864673	7.30989637546e+32
3.75962269506	517	212.975864673	7.30989637546e+32
3.75533067459	518	212.975864673	7.30989637546e+32
3.75103858088	519	212.975864673	7.30989637546e+32
3.74674641396	520	212.975864673	7.30989637546e+32
3.74245417388	521	212.975864673	7.30989637546e+32
3.73816186068	522	212.975864673	7.30989637546e+32
3.73386947441	523	212.975864673	7.30989637546e+32
3.72957701512	524	212.975864673	7.30989637546e+32
3.72528448284	525	212.975864673	7.30989637546e+32
3.72099187762	526	212.975864673	7.30989637546e+32
3.71669919951	527	212.975864673	7.30989637546e+32
3.71240644855	528	212.975864673	7.30989637546e+32
3.70811362478	529	212.975864673	7.30989637546e+32
3.70382072826	530	212.975864673	7.30989637546e+32
3.69952775903	531	212.975864673	7.30989637546e+32
3.69523471712	532	212.975864673	7.30989637546e+32
3.6909416026	533	212.975864673	7.30989637546e+32
3.6866484155	534	212.975864673	7.30989637546e+32
3.68235515586	535	212.975864673	7.30989637546e+32
3.67806182374	536	212.975864673	7.30989637546e+32
3.67376841919	537	212.975864673	7.30989637546e+32
3.66947494224	538	212.975864673	7.30989637546e+32
3.66518139294	539	212.975864673	7.30989637546e+32
3.66088777135	540	212.975864673	7.30989637546e+32
3.6565940775	541	212.975864673	7.30989637546e+32
3.65230031144	542	212.975864673	7.30989637546e+32
3.64800647323	543	212.975864673	7.30989637546e+32
3.6437125629	544	212.975864673	7.30989637546e+32
3.6394185805	545	212.975864673	7.30989637546e+32
3.63512452609	546	212.975864673	7.30989637546e+32
3.63083039971	547	212.975864673	7.30989637546e+32
3.6265362014	548	212.975864673	7.30989637546e+32
3.62224193122	549	212.975864673	7.30989637546e+32
3.6179475892	550	212.975864673	7.30989637546e+32
3.61365317541	551	212.975864673	7.30989637546e+32
3.60935868989	552	212.975864673	7.30989637546e+32
3.60506413268	553	212.975864673	7.30989637546e+32
3.60076950383	554	212.975864673	7.30989637546e+32
3.5964748034	555	212.975864673	7.30989637546e+32
3.59218003143	556	212.975864673	7.30989637546e+32
3.58788518797	557	212.975864673	7.30989637546e+32
3.58359027306	558	212.975864673	7.30989637546e+32
3.57929528677	559	212.975864673	7.30989637546e+32
3.57500022913	560	212.975864673	7.30989637546e+32
3.5707051002	561	212.975864673	7.30989637546e+32
3.56640990002	562	212.975864673	7.30989637546e+32
3.56211462865	563	212.975864673	7.30989637546e+32
3.55781928613	564	212.975864673	7.30989637546e+32
3.55352387252	565	212.975864673	7.30989637546e+32
3.54922838786	566	212.975864673	7.30989637546e+32
3.5449328322	567	212.975864673	7.30989637546e+32
3.5406372056	568	212.975864673	7.30989637546e+32
3.53634150811	569	212.975864673	7.30989637546e+32
3.53204573977	570	212.975864673	7.30989637546e+32
3.52774990064	571	212.975864673	7.30989637546e+32
3.52345399076	572	212.975864673	7.30989637546e+32
3.51915801019	573	212.975864673	7.30989637546e+32
3.51486195899	574	212.975864673	7.30989637546e+32
3.51056583719	575	212.975864673	7.30989637546e+32
3.50626964485	576	212.975864673	7.30989637546e+32
3.50197338203	577	212.975864673	7.30989637546e+32
3.49767704878	578	212.975864673	7.30989637546e+32
3.49338064514	579	212.975864673	7.30989637546e+32
3.48908417117	580	212.975864673	7.30989637546e+32
3.48478762692	581	212.975864673	7.30989637546e+32
3.48049101245	582	212.975864673	7.30989637546e+32
3.4761943278	583	212.975864673	7.30989637546e+32
3.47189757303	584	212.975864673	7.30989637546e+32
3.46760074819	585	212.975864673	7.30989637546e+32
3.46330385334	586	212.975864673	7.30989637546e+32
3.45900688852	587	212.975864673	7.30989637546e+32
3.4547098538	588	212.975864673	7.30989637546e+32
3.45041274922	589	212.975864673	7.30989637546e+32
3.44611557484	590	212.975864673	7.30989637546e+32
3.4418183307	591	212.975864673	7.30989637546e+32
3.43752101688	592	212.975864673	7.30989637546e+32
3.43322363341	593	212.975864673	7.30989637546e+32
3.42892618036	594	212.975864673	7.30989637546e+32
3.42462865777	595	212.975864673	7.30989637546e+32
3.42033106571	596	212.975864673	7.30989637546e+32
3.41603340423	597	212.975864673	7.30989637546e+32
3.41173567337	598	212.975864673	7.30989637546e+32
3.40743787321	599	212.975864673	7.30989637546e+32
3.40314000378	600	212.975864673	7.30989637546e+32
3.39884206515	601	212.975864673	7.30989637546e+32
3.39454405738	602	212.975864673	7.30989637546e+32
3.39024598051	603	212.975864673	7.30989637546e+32
3.38594783461	604	212.975864673	7.30989637546e+32
3.38164961973	605	212.975864673	7.30989637546e+32
3.37735133593	606	212.975864673	7.30989637546e+32
3.37305298325	607	212.975864673	7.30989637546e+32
3.36875456177	608	212.975864673	7.30989637546e+32
3.36445607153	609	212.975864673	7.30989637546e+32
3.3601575126	610	212.975864673	7.30989637546e+32
3.35585888502	611	212.975864673	7.30989637546e+32
3.35156018886	612	212.975864673	7.30989637546e+32
3.34726142418	613	212.975864673	7.30989637546e+32
3.34296259103	614	212.975864673	7.30989637546e+32
3.33866368946	615	212.975864673	7.30989637546e+32
3.33436471954	616	212.975864673	7.30989637546e+32
3.33006568133	617	212.975864673	7.30989637546e+32
3.32576657488	618	212.975864673	7.30989637546e+32
3.32146740026	619	212.975864673	7.30989637546e+32
3.31716815751	620	212.975864673	7.30989637546e+32
3.3128688467	621	212.975864673	7.30989637546e+32
3.30856946789	622	212.975864673	7.30989637546e+32
3.30427002113	623	212.975864673	7.30989637546e+32
3.2999705065	624	212.975864673	7.30989637546e+32
3.29567092403	625	212.975864673	7.30989637546e+32
3.2913712738	626	212.975864673	7.30989637546e+32
3.28707155587	627	212.975864673	7.30989637546e+32
3.28277177029	628	212.975864673	7.30989637546e+32
3.27847191713	629	212.975864673	7.30989637546e+32
3.27417199644	630	212.975864673	7.30989637546e+32
3.26987200828	631	212.975864673	7.30989637546e+32
3.26557195273	632	212.975864673	7.30989637546e+32
3.26127182983	633	212.975864673	7.30989637546e+32
3.25697163965	634	212.975864673	7.30989637546e+32
3.25267138224	635	212.975864673	7.30989637546e+32
3.24837105768	636	212.975864673	7.30989637546e+32
3.24407066603	637	212.975864673	7.30989637546e+32
3.23977020733	638	212.975864673	7.30989637546e+32
3.23546968166	639	212.975864673	7.30989637546e+32
3.23116908909	640	212.975864673	7.30989637546e+32
3.22686842966	641	212.975864673	7.30989637546e+32
3.22256770344	642	212.975864673	7.30989637546e+32
3.21826691051	643	212.975864673	7.30989637546e+32
3.21396605091	644	212.975864673	7.30989637546e+32
3.20966512471	645	212.975864673	7.30989637546e+32
3.20536413198	646	212.975864673	7.30989637546e+32
3.20106307278	647	212.975864673	7.30989637546e+32
3.19676194717	648	212.975864673	7.30989637546e+32
3.19246075522	649	212.975864673	7.30989637546e+32
3.18815949699	650	212.975864673	7.30989637546e+32
3.18385817255	651	212.975864673	7.30989637546e+32
3.17955678196	652	212.975864673	7.30989637546e+32
3.17525532528	653	212.975864673	7.30989637546e+32
3.17095380258	654	212.975864673	7.30989637546e+32
3.16665221393	655	212.975864673	7.30989637546e+32
3.16235055939	656	212.975864673	7.30989637546e+32
3.15804883902	657	212.975864673	7.30989637546e+32
3.15374705289	658	212.975864673	7.30989637546e+32
3.14944520108	659	212.975864673	7.30989637546e+32
3.14514328363	660	212.975864673	7.30989637546e+32
3.14084130063	661	212.975864673	7.30989637546e+32
3.13653925213	662	212.975864673	7.30989637546e+32
3.13223713821	663	212.975864673	7.30989637546e+32
3.12793495893	664	212.975864673	7.30989637546e+32
3.12363271435	665	212.975864673	7.30989637546e+32
3.11933040456	666	212.975864673	7.30989637546e+32
3.1150280296	667	212.975864673	7.30989637546e+32
3.11072558956	668	212.975864673	7.30989637546e+32
3.10642308449	669	212.975864673	7.30989637546e+32
3.10212051447	670	212.975864673	7.30989637546e+32
3.09781787957	671	212.975864673	7.30989637546e+32
3.09351517985	672	212.975864673	7.30989637546e+32
3.08921241539	673	212.975864673	7.30989637546e+32
3.08490958625	674	212.975864673	7.30989637546e+32
3.0806066925	675	212.975864673	7.30989637546e+32
3.07630373421	676	212.975864673	7.30989637546e+32
3.07200071146	677	212.975864673	7.30989637546e+32
3.06769762431	678	212.975864673	7.30989637546e+32
3.06339447282	679	212.975864673	7.30989637546e+32
3.05909125709	680	212.975864673	7.30989637546e+32
3.05478797716	681	212.975864673	7.30989637546e+32
3.05048463312	682	212.975864673	7.30989637546e+32
3.04618122503	683	212.975864673	7.30989637546e+32
3.04187775297	684	212.975864673	7.30989637546e+32
3.03757421701	685	212.975864673	7.30989637546e+32
3.03327061723	686	212.975864673	7.30989637546e+32
3.02896695368	687	212.975864673	7.30989637546e+32
3.02466322645	688	212.975864673	7.30989637546e+32
3.0203594356	689	212.975864673	7.30989637546e+32
3.01605558122	690	212.975864673	7.30989637546e+32
3.01175166337	691	212.975864673	7.30989637546e+32
3.00744768213	692	212.975864673	7.30989637546e+32
3.00314363757	693	212.975864673	7.30989637546e+32
2.99883952976	694	212.975864673	7.30989637546e+32
2.99453535878	695	212.975864673	7.30989637546e+32
2.9902311247	696	212.975864673	7.30989637546e+32
2.9859268276	697	212.975864673	7.30989637546e+32
2.98162246756	698	212.975864673	7.30989637546e+32
2.97731804464	699	212.975864673	7.30989637546e+32
2.97301355892	700	212.975864673	7.30989637546e+32
2.96870901048	701	212.975864673	7.30989637546e+32
2.96440439939	702	212.975864673	7.30989637546e+32
2.96009972574	703	212.975864673	7.30989637546e+32
2.95579498958	704	212.975864673	7.30989637546e+32
2.95149019102	705	212.975864673	7.30989637546e+32
2.94718533011	706	212.975864673	7.30989637546e+32
2.94288040693	707	212.975864673	7.30989637546e+32
2.93857542157	708	212.975864673	7.30989637546e+32
2.9342703741	709	212.975864673	7.30989637546e+32
2.9299652646	710	212.975864673	7.30989637546e+32
2.92566009315	711	212.975864673	7.30989637546e+32
2.92135485982	712	212.975864673	7.30989637546e+32
2.9170495647	713	212.975864673	7.30989637546e+32
2.91274420786	714	212.975864673	7.30989637546e+32
2.90843878938	715	212.975864673	7.30989637546e+32
2.90413330934	716	212.975864673	7.30989637546e+32
2.89982776782	717	212.975864673	7.30989637546e+32
2.89552216491	718	212.975864673	7.30989637546e+32
2.89121650067	719	212.975864673	7.30989637546e+32
2.8869107752	720	212.975864673	7.30989637546e+32
2.88260498857	721	212.975864673	7.30989637546e+32
2.87829914086	722	212.975864673	7.30989637546e+32
2.87399323215	723	212.975864673	7.30989637546e+32
2.86968726254	724	212.975864673	7.30989637546e+32
2.86538123209	725	212.975864673	7.30989637546e+32
2.86107514089	726	212.975864673	7.30989637546e+32
2.85676898902	727	212.975864673	7.30989637546e+32
2.85246277657	728	212.975864673	7.30989637546e+32
2.84815650361	729	212.975864673	7.30989637546e+32
2.84385017024	730	212.975864673	7.30989637546e+32
2.83954377653	731	212.975864673	7.30989637546e+32
2.83523732257	732	212.975864673	7.30989637546e+32
2.83093080844	733	212.975864673	7.30989637546e+32
2.82662423423	734	212.975864673	7.30989637546e+32
2.82231760003	735	212.975864673	7.30989637546e+32
2.81801090591	736	212.975864673	7.30989637546e+32
2.81370415196	737	212.975864673	7.30989637546e+32
2.80939733827	738	212.975864673	7.30989637546e+32
2.80509046492	739	212.975864673	7.30989637546e+32
2.800783532	740	212.975864673	7.30989637546e+32
2.7964765396	741	212.975864673	7.30989637546e+32
2.7921694878	742	212.975864673	7.30989637546e+32
2.78786237669	743	212.975864673	7.30989637546e+32
2.78355520636	744	212.975864673	7.30989637546e+32
2.7792479769	745	212.975864673	7.30989637546e+32
2.77494068839	746	212.975864673	7.30989637546e+32
2.77063334091	747	212.975864673	7.30989637546e+32
2.76632593457	748	212.975864673	7.30989637546e+32
2.76201846945	749	212.975864673	7.30989637546e+32
2.75771094564	750	212.975864673	7.30989637546e+32
2.75340336322	751	212.975864673	7.30989637546e+32
2.74909572229	752	212.975864673	7.30989637546e+32
2.74478802294	753	212.975864673	7.30989637546e+32
2.74048026526	754	212.975864673	7.30989637546e+32
2.73617244933	755	212.975864673	7.30989637546e+32
2.73186457526	756	212.975864673	7.30989637546e+32
2.72755664313	757	212.975864673	7.30989637546e+32
2.72324865303	758	212.975864673	7.30989637546e+32
2.71894060506	759	212.975864673	7.30989637546e+32
2.7146324993	760	212.975864673	7.30989637546e+32
2.71032433586	761	212.975864673	7.30989637546e+32
2.70601611482	762	212.975864673	7.30989637546e+32
2.70170783627	763	212.975864673	7.30989637546e+32
2.69739950032	764	212.975864673	7.30989637546e+32
2.69309110705	765	212.975864673	7.30989637546e+32
2.68878265657	766	212.975864673	7.30989637546e+32
2.68447414895	767	212.975864673	7.30989637546e+32
2.68016558431	768	212.975864673	7.30989637546e+32
2.67585696273	769	212.975864673	7.30989637546e+32
2.67154828432	770	212.975864673	7.30989637546e+32
2.66723954916	771	212.975864673	7.30989637546e+32
2.66293075735	772	212.975864673	7.30989637546e+32
2.65862190899	773	212.975864673	7.30989637546e+32
2.65431300418	774	212.975864673	7.30989637546e+32
2.65000404302	775	212.975864673	7.30989637546e+32
2.6456950256	776	212.975864673	7.30989637546e+32
2.64138595202	777	212.975864673	7.30989637546e+32
2.63707682239	778	212.975864673	7.30989637546e+32
2.63276763679	779	212.975864673	7.30989637546e+32
2.62845839533	780	212.975864673	7.30989637546e+32
2.6241490981	781	212.975864673	7.30989637546e+32
2.61983974522	782	212.975864673	7.30989637546e+32
2.61553033677	783	212.975864673	7.30989637546e+32
2.61122087287	784	212.975864673	7.30989637546e+32
2.60691135361	785	212.975864673	7.30989637546e+32
2.60260177908	786	212.975864673	7.30989637546e+32
2.59829214941	787	212.975864673	7.30989637546e+32
2.59398246468	788	212.975864673	7.30989637546e+32
2.589672725	789	212.975864673	7.30989637546e+32
2.58536293047	790	212.975864673	7.30989637546e+32
2.5810530812	791	212.975864673	7.30989637546e+32
2.57674317728	792	212.975864673	7.30989637546e+32
2.57243321884	793	212.975864673	7.30989637546e+32
2.56812320596	794	212.975864673	7.30989637546e+32
2.56381313876	795	212.975864673	7.30989637546e+32
2.55950301733	796	212.975864673	7.30989637546e+32
2.55519284179	797	212.975864673	7.30989637546e+32
2.55088261225	798	212.975864673	7.30989637546e+32
2.5465723288	799	212.975864673	7.30989637546e+32
2.54226199156	800	212.975864673	7.30989637546e+32
2.53795160063	801	212.975864673	7.30989637546e+32
2.53364115612	802	212.975864673	7.30989637546e+32
2.52933065814	803	212.975864673	7.30989637546e+32
2.52502010679	804	212.975864673	7.30989637546e+32
2.5207095022	805	212.975864673	7.30989637546e+32
2.51639884446	806	212.975864673	7.30989637546e+32
2.51208813369	807	212.975864673	7.30989637546e+32
2.50777736999	808	212.975864673	7.30989637546e+32
2.50346655348	809	212.975864673	7.30989637546e+32
2.49915568428	810	212.975864673	7.30989637546e+32
2.49484476248	811	212.975864673	7.30989637546e+32
2.4905337882	812	212.975864673	7.30989637546e+32
2.48622276156	813	212.975864673	7.30989637546e+32
2.48191168267	814	212.975864673	7.30989637546e+32
2.47760055164	815	212.975864673	7.30989637546e+32
2.47328936858	816	212.975864673	7.30989637546e+32
2.46897813361	817	212.975864673	7.30989637546e+32
2.46466684685	818	212.975864673	7.30989637546e+32
2.46035550841	819	212.975864673	7.30989637546e+32
2.4560441184	820	212.975864673	7.30989637546e+32
2.45173267694	821	212.975864673	7.30989637546e+32
2.44742118415	822	212.975864673	7.30989637546e+32
2.44310964014	823	212.975864673	7.30989637546e+32
2.43879804504	824	212.975864673	7.30989637546e+32
2.43448639896	825	212.975864673	7.30989637546e+32
2.43017470201	826	212.975864673	7.30989637546e+32
2.42586295432	827	212.975864673	7.30989637546e+32
2.42155115601	828	212.975864673	7.30989637546e+32
2.4172393072	829	212.975864673	7.30989637546e+32
2.412927408	830	212.975864673	7.30989637546e+32
2.40861545853	831	212.975864673	7.30989637546e+32
2.40430345893	832	212.975864673	7.30989637546e+32
2.39999140931	833	212.975864673	7.30989637546e+32
2.39567930978	834	212.975864673	7.30989637546e+32
2.39136716049	835	212.975864673	7.30989637546e+32
2.38705496154	836	212.975864673	7.30989637546e+32
2.38274271306	837	212.975864673	7.30989637546e+32
2.37843041518	838	212.975864673	7.30989637546e+32
2.37411806802	839	212.975864673	7.30989637546e+32
2.3698056717	840	212.975864673	7.30989637546e+32
2.36549322636	841	212.975864673	7.30989637546e+32
2.36118073211	842	212.975864673	7.30989637546e+32
2.35686818908	843	212.975864673	7.30989637546e+32
2.35255559741	844	212.975864673	7.30989637546e+32
2.34824295722	845	212.975864673	7.30989637546e+32
2.34393026863	846	212.975864673	7.30989637546e+32
2.33961753178	847	212.975864673	7.30989637546e+32
2.3353047468	848	212.975864673	7.30989637546e+32
2.33099191381	849	212.975864673	7.30989637546e+32
2.32667903295	850	212.975864673	7.30989637546e+32
2.32236610434	851	212.975864673	7.30989637546e+32
2.31805312812	852	212.975864673	7.30989637546e+32
2.31374010442	853	212.975864673	7.30989637546e+32
2.30942703337	854	212.975864673	7.30989637546e+32
2.30511391511	855	212.975864673	7.30989637546e+32
2.30080074976	856	212.975864673	7.30989637546e+32
2.29648753747	857	212.975864673	7.30989637546e+32
2.29217427837	858	212.975864673	7.30989637546e+32
2.28786097258	859	212.975864673	7.30989637546e+32
2.28354762026	860	212.975864673	7.30989637546e+32
2.27923422154	861	212.975864673	7.30989637546e+32
2.27492077654	862	212.975864673	7.30989637546e+32
2.27060728542	863	212.975864673	7.30989637546e+32
2.2662937483	864	212.975864673	7.30989637546e+32
2.26198016533	865	212.975864673	7.30989637546e+32
2.25766653664	866	212.975864673	7.30989637546e+32
2.25335286239	867	212.975864673	7.30989637546e+32
2.24903914269	868	212.975864673	7.30989637546e+32
2.24472537771	869	212.975864673	7.30989637546e+32
2.24041156757	870	212.975864673	7.30989637546e+32
2.23609771243	871	212.975864673	7.30989637546e+32
2.23178381242	872	212.975864673	7.30989637546e+32
2.22746986769	873	212.975864673	7.30989637546e+32
2.22315587838	874	212.975864673	7.30989637546e+32
2.21884184463	875	212.975864673	7.30989637546e+32
2.2145277666	876	212.975864673	7.30989637546e+32
2.21021364443	877	212.975864673	7.30989637546e+32
2.20589947826	878	212.975864673	7.30989637546e+32
2.20158526824	879	212.975864673	7.30989637546e+32
2.19727101452	880	212.975864673	7.30989637546e+32
2.19295671725	881	212.975864673	7.30989637546e+32
2.18864237658	882	212.975864673	7.30989637546e+32
2.18432799265	883	212.975864673	7.30989637546e+32
2.18001356563	884	212.975864673	7.30989637546e+32
2.17569909565	885	212.975864673	7.30989637546e+32
2.17138458287	886	212.975864673	7.30989637546e+32
2.16707002744	887	212.975864673	7.30989637546e+32
2.16275542953	888	212.975864673	7.30989637546e+32
2.15844078927	889	212.975864673	7.30989637546e+32
2.15412610682	890	212.975864673	7.30989637546e+32
2.14981138235	891	212.975864673	7.30989637546e+32
2.145496616	892	212.975864673	7.30989637546e+32
2.14118180793	893	212.975864673	7.30989637546e+32
2.1368669583	894	212.975864673	7.30989637546e+32
2.13255206727	895	212.975864673	7.30989637546e+32
2.128237135	896	212.975864673	7.30989637546e+32
2.12392216164	897	212.975864673	7.30989637546e+32
2.11960714735	898	212.975864673	7.30989637546e+32
2.11529209231	899	212.975864673	7.30989637546e+32
2.11097699665	900	212.975864673	7.30989637546e+32
2.10666186056	901	212.975864673	7.30989637546e+32
2.1023466842	902	212.975864673	7.30989637546e+32
2.09803146771	903	212.975864673	7.30989637546e+32
2.09371621128	904	212.975864673	7.30989637546e+32
2.08940091507	905	212.975864673	7.30989637546e+32
2.08508557923	906	212.975864673	7.30989637546e+32
2.08077020395	907	212.975864673	7.30989637546e+32
2.07645478938	908	212.975864673	7.30989637546e+32
2.0721393357	909	212.975864673	7.30989637546e+32
2.06782384307	910	212.975864673	7.30989637546e+32
2.06350831166	911	212.975864673	7.30989637546e+32
2.05919274165	912	212.975864673	7.30989637546e+32
2.0548771332	913	212.975864673	7.30989637546e+32
2.05056148649	914	212.975864673	7.30989637546e+32
2.04624580169	915	212.975864673	7.30989637546e+32
2.04193007897	916	212.975864673	7.30989637546e+32
2.03761431851	917	212.975864673	7.30989637546e+32
2.03329852048	918	212.975864673	7.30989637546e+32
2.02898268507	919	212.975864673	7.30989637546e+32
2.02466681244	920	212.975864673	7.30989637546e+32
2.02035090277	921	212.975864673	7.30989637546e+32
2.01603495625	922	212.975864673	7.30989637546e+32
2.01171897305	923	212.975864673	7.30989637546e+32
2.00740295336	924	212.975864673	7.30989637546e+32
2.00308689735	925	212.975864673	7.30989637546e+32
1.9987708052	926	212.975864673	7.30989637546e+32
1.9944546771	927	212.975864673	7.30989637546e+32
1.99013851324	928	212.975864673	7.30989637546e+32
1.9858223138	929	212.975864673	7.30989637546e+32
1.98150607895	930	212.975864673	7.30989637546e+32
1.9771898089	931	212.975864673	7.30989637546e+32
1.97287350383	932	212.975864673	7.30989637546e+32
1.96855716392	933	212.975864673	7.30989637546e+32
1.96424078936	934	212.975864673	7.30989637546e+32
1.95992438035	935	212.975864673	7.30989637546e+32
1.95560793707	936	212.975864673	7.30989637546e+32
1.95129145972	937	212.975864673	7.30989637546e+32
1.94697494849	938	212.975864673	7.30989637546e+32
1.94265840358	939	212.975864673	7.30989637546e+32
1.93834182517	940	212.975864673	7.30989637546e+32
1.93402521347	941	212.975864673	7.30989637546e+32
1.92970856866	942	212.975864673	7.30989637546e+32
1.92539189096	943	212.975864673	7.30989637546e+32
1.92107518055	944	212.975864673	7.30989637546e+32
1.91675843764	945	212.975864673	7.30989637546e+32
1.91244166242	946	212.975864673	7.30989637546e+32
1.90812485511	947	212.975864673	7.30989637546e+32
1.90380801589	948	212.975864673	7.30989637546e+32
1.89949114498	949	212.975864673	7.30989637546e+32
1.89517424257	950	212.975864673	7.30989637546e+32
1.89085730888	951	212.975864673	7.30989637546e+32
1.88654034412	952	212.975864673	7.30989637546e+32
1.88222334847	953	212.975864673	7.30989637546e+32
1.87790632217	954	212.975864673	7.30989637546e+32
1.87358926541	955	212.975864673	7.30989637546e+32
1.86927217841	956	212.975864673	7.30989637546e+32
1.86495506138	957	212.975864673	7.30989637546e+32
1.86063791453	958	212.975864673	7.30989637546e+32
1.85632073808	959	212.975864673	7.30989637546e+32
1.85200353224	960	212.975864673	7.30989637546e+32
1.84768629723	961	212.975864673	7.30989637546e+32
1.84336903325	962	212.975864673	7.30989637546e+32
1.83905174055	963	212.975864673	7.30989637546e+32
1.83473441932	964	212.975864673	7.30989637546e+32
1.8304170698	965	212.975864673	7.30989637546e+32
1.8260996922	966	212.975864673	7.30989637546e+32
1.82178228675	967	212.975864673	7.30989637546e+32
1.81746485367	968	212.975864673	7.30989637546e+32
1.81314739319	969	212.975864673	7.30989637546e+32
1.80882990553	970	212.975864673	7.30989637546e+32
1.80451239092	971	212.975864673	7.30989637546e+32
1.8001948496	972	212.975864673	7.30989637546e+32
1.79587728178	973	212.975864673	7.30989637546e+32
1.7915596877	974	212.975864673	7.30989637546e+32
1.78724206759	975	212.975864673	7.30989637546e+32
1.78292442169	976	212.975864673	7.30989637546e+32
1.77860675024	977	212.975864673	7.30989637546e+32
1.77428905346	978	212.975864673	7.30989637546e+32
1.76997133159	979	212.975864673	7.30989637546e+32
1.76565358488	980	212.975864673	7.30989637546e+32
1.76133581356	981	212.975864673	7.30989637546e+32
1.75701801788	982	212.975864673	7.30989637546e+32
1.75270019807	983	212.975864673	7.30989637546e+32
1.74838235439	984	212.975864673	7.30989637546e+32
1.74406448707	985	212.975864673	7.30989637546e+32
1.73974659636	986	212.975864673	7.30989637546e+32
1.73542868251	987	212.975864673	7.30989637546e+32
1.73111074577	988	212.975864673	7.30989637546e+32
1.7267927864	989	212.975864673	7.30989637546e+32
1.72247480463	990	212.975864673	7.30989637546e+32
1.71815680073	991	212.975864673	7.30989637546e+32
1.71383877494	992	212.975864673	7.30989637546e+32
1.70952072754	993	212.975864673	7.30989637546e+32
1.70520265876	994	212.975864673	7.30989637546e+32
1.70088456888	995	212.975864673	7.30989637546e+32
1.69656645815	996	212.975864673	7.30989637546e+32
1.69224832683	997	212.975864673	7.30989637546e+32
1.68793017519	998	212.975864673	7.30989637546e+32
1.68361200349	999	212.975864673	7.30989637546e+32
1.67929381199	1000	212.975864673	7.30989637546e+32
1.67497560098	1001	212.975864673	7.30989637546e+32
1.6706573707	1002	212.975864673	7.30989637546e+32
1.66633912144	1003	212.975864673	7.30989637546e+32
1.66202085347	1004	212.975864673	7.30989637546e+32
1.65770256706	1005	212.975864673	7.30989637546e+32
1.65338426248	1006	212.975864673	7.30989637546e+32
1.64906594002	1007	212.975864673	7.30989637546e+32
1.64474759994	1008	212.975864673	7.30989637546e+32
1.64042924254	1009	212.975864673	7.30989637546e+32
1.63611086809	1010	212.975864673	7.30989637546e+32
1.63179247688	1011	212.975864673	7.30989637546e+32
1.62747406918	1012	212.975864673	7.30989637546e+32
1.6231556453	1013	212.975864673	7.30989637546e+32
1.6188372055	1014	212.975864673	7.30989637546e+32
1.6145187501	1015	212.975864673	7.30989637546e+32
1.61020027937	1016	212.975864673	7.30989637546e+32
1.60588179361	1017	212.975864673	7.30989637546e+32
1.60156329311	1018	212.975864673	7.30989637546e+32
1.59724477818	1019	212.975864673	7.30989637546e+32
1.59292624911	1020	212.975864673	7.30989637546e+32
1.58860770619	1021	212.975864673	7.30989637546e+32
1.58428914974	1022	212.975864673	7.30989637546e+32
1.57997058006	1023	212.975864673	7.30989637546e+32
1.57565199744	1024	212.975864673	7.30989637546e+32
1.57133340221	1025	212.975864673	7.30989637546e+32
1.56701479466	1026	212.975864673	7.30989637546e+32
1.56269617511	1027	212.975864673	7.30989637546e+32
1.55837754387	1028	212.975864673	7.30989637546e+32
1.55405890126	1029	212.975864673	7.30989637546e+32
1.54974024759	1030	212.975864673	7.30989637546e+32
1.54542158319	1031	212.975864673	7.30989637546e+32
1.54110290837	1032	212.975864673	7.30989637546e+32
1.53678422345	1033	212.975864673	7.30989637546e+32
1.53246552877	1034	212.975864673	7.30989637546e+32
1.52814682464	1035	212.975864673	7.30989637546e+32
1.52382811139	1036	212.975864673	7.30989637546e+32
1.51950938936	1037	212.975864673	7.30989637546e+32
1.51519065888	1038	212.975864673	7.30989637546e+32
1.51087192028	1039	212.975864672	7.30989637546e+32
1.5065531739	1040	212.975864672	7.30989637546e+32
1.50223442008	1041	212.975864672	7.30989637546e+32
1.49791565916	1042	212.975864672	7.30989637546e+32
1.49359689148	1043	212.975864672	7.30989637546e+32
1.48927811739	1044	212.975864672	7.30989637546e+32
1.48495933724	1045	212.975864672	7.30989637546e+32
1.48064055137	1046	212.975864672	7.30989637546e+32
1.47632176013	1047	212.975864672	7.30989637546e+32
1.47200296389	1048	212.975864672	7.30989637546e+32
1.46768416299	1049	212.975864672	7.30989637546e+32
1.46336535781	1050	212.975864672	7.30989637546e+32
1.45904654868	1051	212.975864672	7.30989637546e+32
1.45472773599	1052	212.975864672	7.30989637546e+32
1.45040892009	1053	212.975864672	7.30989637546e+32
1.44609010136	1054	212.975864672	7.30989637546e+32
1.44177128016	1055	212.975864672	7.30989637546e+32
1.43745245687	1056	212.975864672	7.30989637546e+32
1.43313363186	1057	212.975864672	7.30989637546e+32
1.42881480551	1058	212.975864672	7.30989637546e+32
1.4244959782	1059	212.975864672	7.30989637546e+32
1.42017715031	1060	212.975864672	7.30989637546e+32
1.41585832223	1061	212.975864672	7.30989637546e+32
1.41153949434	1062	212.975864672	7.30989637546e+32
1.40722066704	1063	212.975864672	7.30989637546e+32
1.40290184072	1064	212.975864672	7.30989637546e+32
1.39858301578	1065	212.975864672	7.30989637546e+32
1.3942641926	1066	212.975864672	7.30989637546e+32
1.3899453716	1067	212.975864672	7.30989637546e+32
1.38562655318	1068	212.975864672	7.30989637546e+32
1.38130773774	1069	212.975864672	7.30989637546e+32
1.37698892569	1070	212.975864672	7.30989637546e+32
1.37267011745	1071	212.975864672	7.30989637546e+32
1.36835131343	1072	212.975864672	7.30989637546e+32
1.36403251404	1073	212.975864672	7.30989637546e+32
1.35971371971	1074	212.975864672	7.30989637546e+32
1.35539493087	1075	212.975864672	7.30989637546e+32
1.35107614792	1076	212.975864672	7.30989637546e+32
1.34675737132	1077	212.975864672	7.30989637546e+32
1.34243860148	1078	212.975864672	7.30989637546e+32
1.33811983885	1079	212.975864672	7.30989637546e+32
1.33380108385	1080	212.975864672	7.30989637546e+32
1.32948233694	1081	212.975864672	7.30989637546e+32
1.32516359856	1082	212.975864672	7.30989637546e+32
1.32084486915	1083	212.975864672	7.30989637546e+32
1.31652614917	1084	212.975864672	7.30989637546e+32
1.31220743907	1085	212.975864672	7.30989637546e+32
1.30788873931	1086	212.975864672	7.30989637546e+32
1.30357005034	1087	212.975864672	7.30989637546e+32
1.29925137264	1088	212.975864672	7.30989637546e+32
1.29493270666	1089	212.975864672	7.30989637546e+32
1.29061405289	1090	212.975864672	7.30989637546e+32
1.28629541179	1091	212.975864672	7.30989637546e+32
1.28197678384	1092	212.975864672	7.30989637546e+32
1.27765816952	1093	212.975864672	7.30989637546e+32
1.27333956932	1094	212.975864672	7.30989637546e+32
1.26902098372	1095	212.975864672	7.30989637546e+32
1.26470241322	1096	212.975864672	7.30989637546e+32
1.26038385831	1097	212.975864672	7.30989637546e+32
1.25606531949	1098	212.975864672	7.30989637546e+32
1.25174679727	1099	212.975864672	7.30989637546e+32
1.24742829214	1100	212.975864672	7.30989637546e+32
1.24310980463	1101	212.975864672	7.30989637546e+32
1.23879133524	1102	212.975864672	7.30989637546e+32
1.23447288449	1103	212.975864672	7.30989637546e+32
1.2301544529	1104	212.975864672	7.30989637546e+32
1.22583604101	1105	212.975864672	7.30989637546e+32
1.22151764934	1106	212.975864672	7.30989637546e+32
1.21719927842	1107	212.975864672	7.30989637546e+32
1.2128809288	1108	212.975864672	7.30989637546e+32
1.20856260101	1109	212.975864672	7.30989637546e+32
1.2042442956	1110	212.975864672	7.30989637546e+32
1.19992601313	1111	212.975864672	7.30989637546e+32
1.19560775414	1112	212.975864672	7.30989637546e+32
1.1912895192	1113	212.975864672	7.30989637546e+32
1.18697130887	1114	212.975864672	7.30989637546e+32
1.18265312372	1115	212.975864672	7.30989637546e+32
1.17833496433	1116	212.975864672	7.30989637546e+32
1.17401683126	1117	212.975864672	7.30989637546e+32
1.1696987251	1118	212.975864672	7.30989637546e+32
1.16538064645	1119	212.975864672	7.30989637546e+32
1.16106259588	1120	212.975864672	7.30989637546e+32
1.156744574	1121	212.975864672	7.30989637546e+32
1.15242658141	1122	212.975864672	7.30989637546e+32
1.14810861871	1123	212.975864672	7.30989637546e+32
1.14379068651	1124	212.975864672	7.30989637546e+32
1.13947278544	1125	212.975864672	7.30989637546e+32
1.1351549161	1126	212.975864672	7.30989637546e+32
1.13083707914	1127	212.975864672	7.30989637546e+32
1.12651927517	1128	212.975864672	7.30989637546e+32
1.12220150483	1129	212.975864672	7.30989637546e+32
1.11788376877	1130	212.975864672	7.30989637546e+32
1.11356606764	1131	212.975864672	7.30989637546e+32
1.10924840208	1132	212.975864672	7.30989637546e+32
1.10493077276	1133	212.975864672	7.30989637546e+32
1.10061318034	1134	212.975864672	7.30989637546e+32
1.09629562548	1135	212.975864672	7.30989637546e+32
1.09197810887	1136	212.975864672	7.30989637546e+32
1.08766063119	1137	212.975864672	7.30989637546e+32
1.08334319311	1138	212.975864672	7.30989637546e+32
1.07902579534	1139	212.975864672	7.30989637546e+32
1.07470843857	1140	212.975864672	7.30989637546e+32
1.07039112351	1141	212.975864672	7.30989637546e+32
1.06607385087	1142	212.975864672	7.30989637546e+32
1.06175662137	1143	212.975864672	7.30989637546e+32
1.05743943572	1144	212.975864672	7.30989637546e+32
1.05312229467	1145	212.975864672	7.30989637546e+32
1.04880519894	1146	212.975864672	7.30989637546e+32
1.04448814929	1147	212.975864672	7.30989637546e+32
1.04017114645	1148	212.975864672	7.30989637546e+32
1.0358541912	1149	212.975864672	7.30989637546e+32
1.03153728428	1150	212.975864672	7.30989637546e+32
1.02722042648	1151	212.975864672	7.30989637546e+32
1.02290361856	1152	212.975864672	7.30989637546e+32
1.01858686132	1153	212.975864672	7.30989637546e+32
1.01427015554	1154	212.975864672	7.30989637546e+32
1.00995350203	1155	212.975864672	7.30989637546e+32
1.00563690158	1156	212.975864672	7.30989637546e+32
1.00132035503	1157	212.975864672	7.30989637546e+32
0.997003863182	1158	212.975864672	7.30989637546e+32
0.992687426871	1159	212.975864672	7.30989637546e+32
0.988371046935	1160	212.975864672	7.30989637546e+32
0.984054724219	1161	212.975864672	7.30989637546e+32
0.979738459577	1162	212.975864672	7.30989637546e+32
0.97542225387	1163	212.975864672	7.30989637546e+32
0.971106107968	1164	212.975864672	7.30989637546e+32
0.96679002275	1165	212.975864672	7.30989637546e+32
0.962473999101	1166	212.975864672	7.30989637546e+32
0.958158037919	1167	212.975864672	7.30989637546e+32
0.953842140108	1168	212.975864672	7.30989637546e+32
0.949526306579	1169	212.975864672	7.30989637546e+32
0.945210538257	1170	212.975864672	7.30989637546e+32
0.940894836072	1171	212.975864672	7.30989637546e+32
0.936579200965	1172	212.975864672	7.30989637546e+32
0.932263633886	1173	212.975864672	7.30989637546e+32
0.927948135796	1174	212.975864672	7.30989637546e+32
0.923632707663	1175	212.975864672	7.30989637546e+32
0.919317350466	1176	212.975864672	7.30989637546e+32
0.915002065196	1177	212.975864672	7.30989637546e+32
0.910686852852	1178	212.975864672	7.30989637546e+32
0.906371714443	1179	212.975864672	7.30989637546e+32
0.902056650991	1180	212.975864672	7.30989637546e+32
0.897741663525	1181	212.975864672	7.30989637546e+32
0.893426753088	1182	212.975864672	7.30989637546e+32
0.889111920732	1183	212.975864672	7.30989637546e+32
0.884797167522	1184	212.975864672	7.30989637546e+32
0.880482494532	1185	212.975864672	7.30989637546e+32
0.876167902849	1186	212.975864672	7.30989637546e+32
0.871853393572	1187	212.975864672	7.30989637546e+32
0.86753896781	1188	212.975864672	7.30989637546e+32
0.863224626686	1189	212.975864672	7.30989637546e+32
0.858910371335	1190	212.975864672	7.30989637546e+32
0.854596202902	1191	212.975864672	7.30989637546e+32
0.850282122548	1192	212.975864672	7.30989637546e+32
0.845968131445	1193	212.975864672	7.30989637546e+32
0.841654230779	1194	212.975864672	7.30989637546e+32
0.837340421747	1195	212.975864672	7.30989637546e+32
0.833026705563	1196	212.975864672	7.30989637546e+32
0.828713083451	1197	212.975864672	7.30989637546e+32
0.824399556652	1198	212.975864672	7.30989637546e+32
0.82008612642	1199	212.975864672	7.30989637546e+32
0.815772794022	1200	212.975864672	7.30989637546e+32
0.811459560743	1201	212.975864672	7.30989637546e+32
0.807146427879	1202	212.975864672	7.30989637546e+32
0.802833396744	1203	212.975864672	7.30989637546e+32
0.798520468665	1204	212.975864672	7.30989637546e+32
0.794207644988	1205	212.975864672	7.30989637546e+32
0.789894927073	1206	212.975864672	7.30989637546e+32
0.785582316294	1207	212.975864672	7.30989637546e+32
0.781269814046	1208	212.975864672	7.30989637546e+32
0.776957421738	1209	212.975864672	7.30989637546e+32
0.772645140796	1210	212.975864672	7.30989637546e+32
0.768332972664	1211	212.975864672	7.30989637545e+32
0.764020918806	1212	212.975864672	7.30989637545e+32
0.759708980699	1213	212.975864672	7.30989637545e+32
0.755397159843	1214	212.975864672	7.30989637545e+32
0.751085457754	1215	212.975864672	7.30989637545e+32
0.746773875969	1216	212.975864672	7.30989637545e+32
0.742462416043	1217	212.975864672	7.30989637545e+32
0.738151079551	1218	212.975864672	7.30989637545e+32
0.733839868089	1219	212.975864672	7.30989637545e+32
0.729528783272	1220	212.975864672	7.30989637545e+32
0.725217826737	1221	212.975864672	7.30989637545e+32
0.720907000143	1222	212.975864672	7.30989637545e+32
0.716596305169	1223	212.975864672	7.30989637545e+32
0.712285743517	1224	212.975864672	7.30989637545e+32
0.707975316912	1225	212.975864672	7.30989637545e+32
0.703665027101	1226	212.975864672	7.30989637545e+32
0.699354875856	1227	212.975864672	7.30989637545e+32
0.695044864971	1228	212.975864672	7.30989637545e+32
0.690734996266	1229	212.975864672	7.30989637545e+32
0.686425271586	1230	212.975864672	7.30989637545e+32
0.682115692799	1231	212.975864672	7.30989637545e+32
0.677806261802	1232	212.975864672	7.30989637545e+32
0.673496980517	1233	212.975864672	7.30989637545e+32
0.669187850893	1234	212.975864672	7.30989637545e+32
0.664878874907	1235	212.975864672	7.30989637545e+32
0.660570054563	1236	212.975864672	7.30989637545e+32
0.656261391896	1237	212.975864672	7.30989637545e+32
0.651952888968	1238	212.975864672	7.30989637545e+32
0.647644547872	1239	212.975864672	7.30989637545e+32
0.643336370732	1240	212.975864672	7.30989637545e+32
0.639028359703	1241	212.975864672	7.30989637545e+32
0.634720516971	1242	212.975864672	7.30989637545e+32
0.630412844757	1243	212.975864672	7.30989637545e+32
0.626105345312	1244	212.975864672	7.30989637545e+32
0.621798020924	1245	212.975864672	7.30989637545e+32
0.617490873915	1246	212.975864672	7.30989637545e+32
0.613183906643	1247	212.975864672	7.30989637545e+32
0.6088771215	1248	212.975864672	7.30989637545e+32
0.60457052092	1249	212.975864672	7.30989637545e+32
0.600264107372	1250	212.975864672	7.30989637545e+32
0.595957883363	1251	212.975864672	7.30989637545e+32
0.591651851444	1252	212.975864672	7.30989637545e+32
0.587346014203	1253	212.975864672	7.30989637545e+32
0.583040374272	1254	212.975864672	7.30989637545e+32
0.578734934325	1255	212.975864672	7.30989637545e+32
0.574429697082	1256	212.975864672	7.30989637545e+32
0.570124665305	1257	212.975864672	7.30989637545e+32
0.565819841804	1258	212.975864672	7.30989637545e+32
0.561515229435	1259	212.975864672	7.30989637545e+32
0.557210831105	1260	212.975864672	7.30989637545e+32
0.552906649767	1261	212.975864672	7.30989637545e+32
0.548602688428	1262	212.975864672	7.30989637545e+32
0.544298950145	1263	212.975864672	7.30989637545e+32
0.539995438031	1264	212.975864672	7.30989637545e+32
0.535692155252	1265	212.975864672	7.30989637545e+32
0.531389105031	1266	212.975864672	7.30989637545e+32
0.527086290648	1267	212.975864672	7.30989637545e+32
0.522783715444	1268	212.975864672	7.30989637545e+32
0.518481382819	1269	212.975864672	7.30989637545e+32
0.514179296239	1270	212.975864672	7.30989637545e+32
0.50987745923	1271	212.975864672	7.30989637545e+32
0.505575875387	1272	212.975864672	7.30989637545e+32
0.501274548374	1273	212.975864672	7.30989637545e+32
0.49697348192	1274	212.975864672	7.30989637545e+32
0.492672679832	1275	212.975864672	7.30989637545e+32
0.488372145986	1276	212.975864672	7.30989637545e+32
0.484071884336	1277	212.975864672	7.30989637545e+32
0.479771898915	1278	212.975864672	7.30989637545e+32
0.475472193836	1279	212.975864672	7.30989637545e+32
0.471172773293	1280	212.975864672	7.30989637545e+32
0.466873641569	1281	212.975864672	7.30989637545e+32
0.462574803031	1282	212.975864672	7.30989637545e+32
0.458276262139	1283	212.975864672	7.30989637545e+32
0.453978023447	1284	212.975864672	7.30989637545e+32
0.449680091603	1285	212.975864672	7.30989637545e+32
0.445382471356	1286	212.975864672	7.30989637545e+32
0.441085167558	1287	212.975864672	7.30989637545e+32
0.436788185165	1288	212.975864672	7.30989637545e+32
0.432491529243	1289	212.975864672	7.30989637545e+32
0.428195204972	1290	212.975864672	7.30989637545e+32
0.423899217645	1291	212.975864672	7.30989637545e+32
0.41960357268	1292	212.975864672	7.30989637545e+32
0.415308275616	1293	212.975864672	7.30989637545e+32
0.411013332122	1294	212.975864672	7.30989637545e+32
0.406718748	1295	212.975864672	7.30989637545e+32
0.402424529188	1296	212.975864672	7.30989637545e+32
0.39813068177	1297	212.975864672	7.30989637545e+32
0.393837211975	1298	212.975864672	7.30989637545e+32
0.389544126185	1299	212.975864672	7.30989637545e+32
0.385251430942	1300	212.975864672	7.30989637545e+32
0.380959132951	1301	212.975864672	7.30989637545e+32
0.376667239088	1302	212.975864672	7.30989637545e+32
0.372375756406	1303	212.975864672	7.30989637545e+32
0.368084692142	1304	212.975864672	7.30989637545e+32
0.363794053722	1305	212.975864672	7.30989637545e+32
0.359503848773	1306	212.975864672	7.30989637545e+32
0.355214085125	1307	212.975864672	7.30989637545e+32
0.350924770825	1308	212.975864672	7.30989637545e+32
0.346635914141	1309	212.975864672	7.30989637545e+32
0.342347523575	1310	212.975864672	7.30989637545e+32
0.338059607869	1311	212.975864672	7.30989637545e+32
0.333772176017	1312	212.975864672	7.30989637545e+32
0.329485237278	1313	212.975864672	7.30989637545e+32
0.325198801184	1314	212.975864672	7.30989637545e+32
0.320912877552	1315	212.975864672	7.30989637545e+32
0.316627476501	1316	212.975864672	7.30989637545e+32
0.312342608458	1317	212.975864672	7.30989637545e+32
0.308058284182	1318	212.975864672	7.30989637545e+32
0.30377451477	1319	212.975864672	7.30989637545e+32
0.29949131168	1320	212.975864672	7.30989637545e+32
0.295208686743	1321	212.975864672	7.30989637545e+32
0.290926652185	1322	212.975864672	7.30989637545e+32
0.286645220644	1323	212.975864672	7.30989637545e+32
0.282364405193	1324	212.975864672	7.30989637545e+32
0.27808421936	1325	212.975864672	7.30989637545e+32
0.273804677152	1326	212.975864672	7.30989637545e+32
0.26952579308	1327	212.975864672	7.30989637545e+32
0.265247582189	1328	212.975864672	7.30989637545e+32
0.260970060082	1329	212.975864672	7.30989637545e+32
0.256693242953	1330	212.975864672	7.30989637545e+32
0.252417147623	1331	212.975864672	7.30989637545e+32
0.248141791571	1332	212.975864672	7.30989637545e+32
0.243867192975	1333	212.975864672	7.30989637545e+32
0.239593370754	1334	212.975864672	7.30989637545e+32
0.235320344612	1335	212.975864672	7.30989637545e+32
0.231048135086	1336	212.975864672	7.30989637545e+32
0.226776763597	1337	212.975864672	7.30989637545e+32
0.22250625251	1338	212.975864672	7.30989637545e+32
0.218236625193	1339	212.975864672	7.30989637545e+32
0.213967906083	1340	212.975864672	7.30989637545e+32
0.209700120762	1341	212.975864672	7.30989637545e+32
0.205433296033	1342	212.975864672	7.30989637545e+32
0.201167460008	1343	212.975864672	7.30989637545e+32
0.196902642205	1344	212.975864672	7.30989637545e+32
0.192638873645	1345	212.975864672	7.30989637545e+32
0.188376186976	1346	212.975864672	7.30989637545e+32
0.184114616592	1347	212.975864672	7.30989637545e+32
0.179854198771	1348	212.975864672	7.30989637545e+32
0.175594971836	1349	212.975864672	7.30989637545e+32
0.171336976315	1350	212.975864672	7.30989637545e+32
0.167080255139	1351	212.975864672	7.30989637545e+32
0.162824853849	1352	212.975864672	7.30989637545e+32
0.158570820828	1353	212.975864672	7.30989637545e+32
0.15431820757	1354	212.975864672	7.30989637545e+32
0.150067068977	1355	212.975864672	7.30989637545e+32
0.145817463685	1356	212.975864672	7.30989637545e+32
0.141569454453	1357	212.975864672	7.30989637545e+32
0.137323108581	1358	212.975864672	7.30989637545e+32
0.133078498408	1359	212.975864672	7.30989637545e+32
0.128835701866	1360	212.975864672	7.30989637545e+32
0.124594803121	1361	212.975864672	7.30989637545e+32
0.120355893317	1362	212.975864672	7.30989637545e+32
0.116119071434	1363	212.975864672	7.30989637545e+32
0.111884445287	1364	212.975864672	7.30989637545e+32
0.107652132698	1365	212.975864672	7.30989637545e+32
