8.25	 0	0.38750812222	9.3016632629e+24
8.24993989975	 1	1.14811411274	2.41920877944e+26
8.2497618552	 2	3.40157210693	6.29154386181e+27
8.24923490227	 3	10.0754000208	1.63495226501e+29
8.24768813556	 4	29.7705289429	4.21772089025e+30
8.24345045971	 5	86.1560742206	1.02229418147e+32
8.23581298683	 6	219.866105425	1.69899865377e+33
8.23073811918	 7	219.866105425	1.69899865377e+33
8.22566447569	 8	219.866105425	1.69899865377e+33
8.22059205745	 9	219.866105425	1.69899865377e+33
8.21552086554	10	219.866105425	1.69899865377e+33
8.21045090103	11	219.866105425	1.69899865377e+33
8.20538216502	12	219.866105425	1.69899865377e+33
8.20031465857	13	219.866105425	1.69899865377e+33
8.19524838276	14	219.866105425	1.69899865377e+33
8.19018333868	15	219.866105425	1.69899865377e+33
8.1851195274	16	219.866105425	1.69899865377e+33
8.18005695	17	219.866105425	1.69899865377e+33
8.17499560754	18	219.866105425	1.69899865377e+33
8.16993550112	19	219.866105425	1.69899865377e+33
8.1648766318	20	219.866105425	1.69899865377e+33
8.15981900065	21	219.866105425	1.69899865377e+33
8.15476260875	22	219.866105425	1.69899865377e+33
8.14970745717	23	219.866105425	1.69899865377e+33
8.14465354698	24	219.866105425	1.69899865377e+33
8.13960087926	25	219.866105425	1.69899865377e+33
8.13454945507	26	219.866105425	1.69899865377e+33
8.12949927548	27	219.866105425	1.69899865377e+33
8.12445034157	28	219.866105425	1.69899865377e+33
8.11940265439	29	219.866105425	1.69899865377e+33
8.11435621502	30	219.866105425	1.69899865377e+33
8.10931102453	31	219.866105425	1.69899865377e+33
8.10426708398	32	219.866105425	1.69899865377e+33
8.09922439443	33	219.866105425	1.69899865377e+33
8.09418295695	34	219.866105425	1.69899865377e+33
8.08914277261	35	219.866105425	1.69899865377e+33
8.08410384246	36	219.866105425	1.69899865377e+33
8.07906616757	37	219.866105425	1.69899865377e+33
8.07402974901	38	219.866105425	1.69899865377e+33
8.06899458782	39	219.866105425	1.69899865377e+33
8.06396068508	40	219.866105425	1.69899865377e+33
8.05892804185	41	219.866105425	1.69899865377e+33
8.05389665917	42	219.866105425	1.69899865377e+33
8.04886653811	43	219.866105425	1.69899865377e+33
8.04383767974	44	219.866105425	1.69899865377e+33
8.03881008509	45	219.866105425	1.69899865377e+33
8.03378375524	46	219.866105425	1.69899865377e+33
8.02875869123	47	219.866105425	1.69899865377e+33
8.02373489412	48	219.866105425	1.69899865377e+33
8.01871236497	49	219.866105425	1.69899865377e+33
8.01369110482	50	219.866105425	1.69899865377e+33
8.00867111474	51	219.866105425	1.69899865377e+33
8.00365239576	52	219.866105425	1.69899865377e+33
7.99863494895	53	219.866105425	1.69899865377e+33
7.99361877535	54	219.866105425	1.69899865377e+33
7.98860387601	55	219.866105425	1.69899865377e+33
7.98359025199	56	219.866105425	1.69899865377e+33
7.97857790432	57	219.866105425	1.69899865377e+33
7.97356683406	58	219.866105425	1.69899865377e+33
7.96855704225	59	219.866105425	1.69899865377e+33
7.96354852994	60	219.866105425	1.69899865377e+33
7.95854129817	61	219.866105425	1.69899865377e+33
7.95353534799	62	219.866105425	1.69899865377e+33
7.94853068044	63	219.866105425	1.69899865377e+33
7.94352729657	64	219.866105425	1.69899865377e+33
7.93852519741	65	219.866105425	1.69899865377e+33
7.93352438401	66	219.866105425	1.69899865377e+33
7.92852485741	67	219.866105425	1.69899865377e+33
7.92352661865	68	219.866105425	1.69899865377e+33
7.91852966876	69	219.866105425	1.69899865377e+33
7.91353400879	70	219.866105425	1.69899865377e+33
7.90853963977	71	219.866105425	1.69899865377e+33
7.90354656274	72	219.866105425	1.69899865377e+33
7.89855477874	73	219.866105425	1.69899865377e+33
7.8935642888	74	219.866105425	1.69899865377e+33
7.88857509395	75	219.866105425	1.69899865377e+33
7.88358719523	76	219.866105425	1.69899865377e+33
7.87860059367	77	219.866105425	1.69899865377e+33
7.87361529031	78	219.866105425	1.69899865377e+33
7.86863128617	79	219.866105425	1.69899865377e+33
7.86364858229	80	219.866105425	1.69899865377e+33
7.85866717969	81	219.866105425	1.69899865377e+33
7.85368707941	82	219.866105425	1.69899865377e+33
7.84870828247	83	219.866105425	1.69899865377e+33
7.8437307899	84	219.866105425	1.69899865377e+33
7.83875460273	85	219.866105425	1.69899865377e+33
7.83377972198	86	219.866105425	1.69899865377e+33
7.82880614868	87	219.866105425	1.69899865377e+33
7.82383388385	88	219.866105425	1.69899865377e+33
7.81886292852	89	219.866105425	1.69899865377e+33
7.81389328371	90	219.866105425	1.69899865377e+33
7.80892495044	91	219.866105425	1.69899865377e+33
7.80395792973	92	219.866105425	1.69899865377e+33
7.7989922226	93	219.866105425	1.69899865377e+33
7.79402783008	94	219.866105425	1.69899865377e+33
7.78906475317	95	219.866105425	1.69899865377e+33
7.78410299291	96	219.866105425	1.69899865377e+33
7.7791425503	97	219.866105425	1.69899865377e+33
7.77418342637	98	219.866105425	1.69899865377e+33
7.76922562212	99	219.866105425	1.69899865377e+33
7.76426913857	100	219.866105425	1.69899865377e+33
7.75931397675	101	219.866105425	1.69899865377e+33
7.75436013765	102	219.866105425	1.69899865377e+33
7.7494076223	103	219.866105425	1.69899865377e+33
7.7444564317	104	219.866105425	1.69899865377e+33
7.73950656686	105	219.866105425	1.69899865377e+33
7.73455802881	106	219.866105425	1.69899865377e+33
7.72961081853	107	219.866105425	1.69899865377e+33
7.72466493705	108	219.866105425	1.69899865377e+33
7.71972038537	109	219.866105425	1.69899865377e+33
7.71477716449	110	219.866105425	1.69899865377e+33
7.70983527543	111	219.866105425	1.69899865377e+33
7.70489471918	112	219.866105425	1.69899865377e+33
7.69995549676	113	219.866105425	1.69899865377e+33
7.69501760917	114	219.866105425	1.69899865377e+33
7.6900810574	115	219.866105425	1.69899865377e+33
7.68514584246	116	219.866105425	1.69899865377e+33
7.68021196535	117	219.866105425	1.69899865377e+33
7.67527942708	118	219.866105425	1.69899865377e+33
7.67034822863	119	219.866105425	1.69899865377e+33
7.66541837101	120	219.866105425	1.69899865377e+33
7.66048985522	121	219.866105425	1.69899865377e+33
7.65556268225	122	219.866105425	1.69899865377e+33
7.65063685311	123	219.866105425	1.69899865377e+33
7.64571236877	124	219.866105425	1.69899865377e+33
7.64078923025	125	219.866105425	1.69899865377e+33
7.63586743853	126	219.866105425	1.69899865377e+33
7.6309469946	127	219.866105425	1.69899865377e+33
7.62602789946	128	219.866105425	1.69899865377e+33
7.62111015409	129	219.866105425	1.69899865377e+33
7.6161937595	130	219.866105425	1.69899865377e+33
7.61127871666	131	219.866105425	1.69899865377e+33
7.60636502657	132	219.866105425	1.69899865377e+33
7.6014526902	133	219.866105425	1.69899865377e+33
7.59654170856	134	219.866105425	1.69899865377e+33
7.59163208263	135	219.866105425	1.69899865377e+33
7.58672381338	136	219.866105425	1.69899865377e+33
7.58181690181	137	219.866105425	1.69899865377e+33
7.5769113489	138	219.866105425	1.69899865377e+33
7.57200715563	139	219.866105425	1.69899865377e+33
7.56710432298	140	219.866105425	1.69899865377e+33
7.56220285193	141	219.866105425	1.69899865377e+33
7.55730274346	142	219.866105425	1.69899865377e+33
7.55240399856	143	219.866105425	1.69899865377e+33
7.54750661819	144	219.866105425	1.69899865377e+33
7.54261060335	145	219.866105425	1.69899865377e+33
7.53771595499	146	219.866105425	1.69899865377e+33
7.53282267411	147	219.866105425	1.69899865377e+33
7.52793076167	148	219.866105425	1.69899865377e+33
7.52304021864	149	219.866105425	1.69899865377e+33
7.51815104601	150	219.866105425	1.69899865377e+33
7.51326324474	151	219.866105425	1.69899865377e+33
7.5083768158	152	219.866105425	1.69899865377e+33
7.50349176016	153	219.866105425	1.69899865377e+33
7.4986080788	154	219.866105425	1.69899865377e+33
7.49372577268	155	219.866105425	1.69899865377e+33
7.48884484278	156	219.866105425	1.69899865377e+33
7.48396529004	157	219.866105425	1.69899865377e+33
7.47908711545	158	219.866105425	1.69899865377e+33
7.47421031997	159	219.866105425	1.69899865377e+33
7.46933490456	160	219.866105425	1.69899865377e+33
7.46446087018	161	219.866105425	1.69899865377e+33
7.4595882178	162	219.866105425	1.69899865377e+33
7.45471694838	163	219.866105425	1.69899865377e+33
7.44984706287	164	219.866105425	1.69899865377e+33
7.44497856225	165	219.866105425	1.69899865377e+33
7.44011144747	166	219.866105425	1.69899865377e+33
7.43524571948	167	219.866105425	1.69899865377e+33
7.43038137924	168	219.866105425	1.69899865377e+33
7.42551842771	169	219.866105425	1.69899865377e+33
7.42065686585	170	219.866105425	1.69899865377e+33
7.4157966946	171	219.866105425	1.69899865377e+33
7.41093791493	172	219.866105425	1.69899865377e+33
7.40608052778	173	219.866105425	1.69899865377e+33
7.40122453411	174	219.866105425	1.69899865377e+33
7.39636993486	175	219.866105425	1.69899865377e+33
7.39151673099	176	219.866105425	1.69899865377e+33
7.38666492345	177	219.866105425	1.69899865377e+33
7.38181451318	178	219.866105425	1.69899865377e+33
7.37696550113	179	219.866105425	1.69899865377e+33
7.37211788825	180	219.866105425	1.69899865377e+33
7.36727167548	181	219.866105425	1.69899865377e+33
7.36242686377	182	219.866105425	1.69899865377e+33
7.35758345406	183	219.866105425	1.69899865377e+33
7.35274144729	184	219.866105425	1.69899865377e+33
7.34790084441	185	219.866105425	1.69899865377e+33
7.34306164635	186	219.866105425	1.69899865377e+33
7.33822385406	187	219.866105425	1.69899865377e+33
7.33338746847	188	219.866105425	1.69899865377e+33
7.32855249052	189	219.866105425	1.69899865377e+33
7.32371892115	190	219.866105425	1.69899865377e+33
7.3188867613	191	219.866105425	1.69899865377e+33
7.3140560119	192	219.866105425	1.69899865377e+33
7.30922667388	193	219.866105425	1.69899865377e+33
7.30439874818	194	219.866105425	1.69899865377e+33
7.29957223574	195	219.866105425	1.69899865377e+33
7.29474713747	196	219.866105425	1.69899865377e+33
7.28992345432	197	219.866105425	1.69899865377e+33
7.28510118721	198	219.866105425	1.69899865377e+33
7.28028033707	199	219.866105425	1.69899865377e+33
7.27546090483	200	219.866105425	1.69899865377e+33
7.27064289141	201	219.866105425	1.69899865377e+33
7.26582629775	202	219.866105425	1.69899865377e+33
7.26101112477	203	219.866105425	1.69899865377e+33
7.25619737338	204	219.866105425	1.69899865377e+33
7.25138504452	205	219.866105425	1.69899865377e+33
7.24657413911	206	219.866105425	1.69899865377e+33
7.24176465806	207	219.866105425	1.69899865377e+33
7.2369566023	208	219.866105425	1.69899865377e+33
7.23214997275	209	219.866105425	1.69899865377e+33
7.22734477033	210	219.866105425	1.69899865377e+33
7.22254099594	211	219.866105425	1.69899865377e+33
7.21773865052	212	219.866105425	1.69899865377e+33
7.21293773497	213	219.866105425	1.69899865377e+33
7.20813825021	214	219.866105425	1.69899865377e+33
7.20334019716	215	219.866105425	1.69899865377e+33
7.19854357672	216	219.866105425	1.69899865377e+33
7.19374838981	217	219.866105425	1.69899865377e+33
7.18895463734	218	219.866105425	1.69899865377e+33
7.18416232021	219	219.866105425	1.69899865377e+33
7.17937143935	220	219.866105425	1.69899865377e+33
7.17458199565	221	219.866105425	1.69899865377e+33
7.16979399002	222	219.866105425	1.69899865377e+33
7.16500742337	223	219.866105425	1.69899865377e+33
7.1602222966	224	219.866105425	1.69899865377e+33
7.15543861063	225	219.866105425	1.69899865377e+33
7.15065636634	226	219.866105425	1.69899865377e+33
7.14587556464	227	219.866105425	1.69899865377e+33
7.14109620645	228	219.866105425	1.69899865377e+33
7.13631829264	229	219.866105425	1.69899865377e+33
7.13154182413	230	219.866105425	1.69899865377e+33
7.12676680181	231	219.866105425	1.69899865377e+33
7.12199322658	232	219.866105425	1.69899865377e+33
7.11722109934	233	219.866105425	1.69899865377e+33
7.11245042098	234	219.866105425	1.69899865377e+33
7.1076811924	235	219.866105425	1.69899865377e+33
7.10291341448	236	219.866105425	1.69899865377e+33
7.09814708813	237	219.866105425	1.69899865377e+33
7.09338221423	238	219.866105425	1.69899865377e+33
7.08861879367	239	219.866105425	1.69899865377e+33
7.08385682735	240	219.866105425	1.69899865377e+33
7.07909631615	241	219.866105425	1.69899865377e+33
7.07433726096	242	219.866105425	1.69899865377e+33
7.06957966266	243	219.866105425	1.69899865377e+33
7.06482352215	244	219.866105425	1.69899865377e+33
7.06006884031	245	219.866105425	1.69899865377e+33
7.05531561801	246	219.866105425	1.69899865377e+33
7.05056385615	247	219.866105425	1.69899865377e+33
7.04581355561	248	219.866105425	1.69899865377e+33
7.04106471726	249	219.866105425	1.69899865377e+33
7.03631734198	250	219.866105425	1.69899865377e+33
7.03157143066	251	219.866105425	1.69899865377e+33
7.02682698417	252	219.866105425	1.69899865377e+33
7.02208400339	253	219.866105425	1.69899865377e+33
7.0173424892	254	219.866105425	1.69899865377e+33
7.01260244246	255	219.866105425	1.69899865377e+33
7.00786386406	256	219.866105425	1.69899865377e+33
7.00312675487	257	219.866105425	1.69899865377e+33
6.99839111575	258	219.866105425	1.69899865377e+33
6.99365694758	259	219.866105425	1.69899865377e+33
6.98892425123	260	219.866105425	1.69899865377e+33
6.98419302757	261	219.866105425	1.69899865377e+33
6.97946327746	262	219.866105425	1.69899865377e+33
6.97473500177	263	219.866105425	1.69899865377e+33
6.97000820138	264	219.866105425	1.69899865377e+33
6.96528287713	265	219.866105425	1.69899865377e+33
6.9605590299	266	219.866105425	1.69899865377e+33
6.95583666055	267	219.866105425	1.69899865377e+33
6.95111576995	268	219.866105425	1.69899865377e+33
6.94639635894	269	219.866105425	1.69899865377e+33
6.9416784284	270	219.866105425	1.69899865377e+33
6.93696197917	271	219.866105425	1.69899865377e+33
6.93224701213	272	219.866105425	1.69899865377e+33
6.92753352812	273	219.866105425	1.69899865377e+33
6.922821528	274	219.866105425	1.69899865377e+33
6.91811101263	275	219.866105425	1.69899865377e+33
6.91340198285	276	219.866105425	1.69899865377e+33
6.90869443953	277	219.866105425	1.69899865377e+33
6.90398838351	278	219.866105425	1.69899865377e+33
6.89928381565	279	219.866105425	1.69899865377e+33
6.89458073679	280	219.866105425	1.69899865377e+33
6.88987914779	281	219.866105425	1.69899865377e+33
6.88517904948	282	219.866105425	1.69899865377e+33
6.88048044272	283	219.866105425	1.69899865377e+33
6.87578332836	284	219.866105425	1.69899865377e+33
6.87108770723	285	219.866105425	1.69899865377e+33
6.86639358018	286	219.866105425	1.69899865377e+33
6.86170094806	287	219.866105425	1.69899865377e+33
6.8570098117	288	219.866105425	1.69899865377e+33
6.85232017195	289	219.866105425	1.69899865377e+33
6.84763202964	290	219.866105425	1.69899865377e+33
6.84294538561	291	219.866105425	1.69899865377e+33
6.83826024071	292	219.866105425	1.69899865377e+33
6.83357659576	293	219.866105425	1.69899865377e+33
6.82889445161	294	219.866105425	1.69899865377e+33
6.82421380908	295	219.866105425	1.69899865377e+33
6.81953466901	296	219.866105425	1.69899865377e+33
6.81485703224	297	219.866105425	1.69899865377e+33
6.81018089958	298	219.866105425	1.69899865377e+33
6.80550627188	299	219.866105425	1.69899865377e+33
6.80083314997	300	219.866105425	1.69899865377e+33
6.79616153466	301	219.866105425	1.69899865377e+33
6.7914914268	302	219.866105425	1.69899865377e+33
6.7868228272	303	219.866105425	1.69899865377e+33
6.78215573668	304	219.866105425	1.69899865377e+33
6.77749015608	305	219.866105425	1.69899865377e+33
6.77282608622	306	219.866105425	1.69899865377e+33
6.76816352791	307	219.866105425	1.69899865377e+33
6.76350248198	308	219.866105425	1.69899865377e+33
6.75884294925	309	219.866105425	1.69899865377e+33
6.75418493054	310	219.866105425	1.69899865377e+33
6.74952842666	311	219.866105425	1.69899865377e+33
6.74487343844	312	219.866105425	1.69899865377e+33
6.74021996668	313	219.866105425	1.69899865377e+33
6.7355680122	314	219.866105425	1.69899865377e+33
6.73091757582	315	219.866105425	1.69899865377e+33
6.72626865835	316	219.866105425	1.69899865377e+33
6.7216212606	317	219.866105425	1.69899865377e+33
6.71697538337	318	219.866105425	1.69899865377e+33
6.71233102749	319	219.866105425	1.69899865377e+33
6.70768819375	320	219.866105425	1.69899865377e+33
6.70304688296	321	219.866105425	1.69899865377e+33
6.69840709594	322	219.866105425	1.69899865377e+33
6.69376883348	323	219.866105425	1.69899865377e+33
6.68913209639	324	219.866105425	1.69899865377e+33
6.68449688548	325	219.866105425	1.69899865377e+33
6.67986320154	326	219.866105425	1.69899865377e+33
6.67523104537	327	219.866105425	1.69899865377e+33
6.67060041778	328	219.866105425	1.69899865377e+33
6.66597131957	329	219.866105425	1.69899865377e+33
6.66134375152	330	219.866105425	1.69899865377e+33
6.65671771445	331	219.866105425	1.69899865377e+33
6.65209320914	332	219.866105425	1.69899865377e+33
6.64747023638	333	219.866105425	1.69899865377e+33
6.64284879698	334	219.866105425	1.69899865377e+33
6.63822889173	335	219.866105425	1.69899865377e+33
6.63361052141	336	219.866105425	1.69899865377e+33
6.62899368681	337	219.866105425	1.69899865377e+33
6.62437838874	338	219.866105425	1.69899865377e+33
6.61976462796	339	219.866105425	1.69899865377e+33
6.61515240527	340	219.866105425	1.69899865377e+33
6.61054172147	341	219.866105425	1.69899865377e+33
6.60593257732	342	219.866105425	1.69899865377e+33
6.60132497362	343	219.866105425	1.69899865377e+33
6.59671891114	344	219.866105425	1.69899865377e+33
6.59211439068	345	219.866105425	1.69899865377e+33
6.58751141301	346	219.866105425	1.69899865377e+33
6.5829099789	347	219.866105425	1.69899865377e+33
6.57831008915	348	219.866105425	1.69899865377e+33
6.57371174452	349	219.866105425	1.69899865377e+33
6.56911494579	350	219.866105425	1.69899865377e+33
6.56451969374	351	219.866105425	1.69899865377e+33
6.55992598914	352	219.866105425	1.69899865377e+33
6.55533383277	353	219.866105425	1.69899865377e+33
6.55074322539	354	219.866105425	1.69899865377e+33
6.54615416778	355	219.866105425	1.69899865377e+33
6.54156666071	356	219.866105425	1.69899865377e+33
6.53698070495	357	219.866105425	1.69899865377e+33
6.53239630126	358	219.866105425	1.69899865377e+33
6.52781345041	359	219.866105425	1.69899865377e+33
6.52323215316	360	219.866105425	1.69899865377e+33
6.51865241029	361	219.866105425	1.69899865377e+33
6.51407422255	362	219.866105425	1.69899865377e+33
6.50949759071	363	219.866105425	1.69899865377e+33
6.50492251553	364	219.866105425	1.69899865377e+33
6.50034899776	365	219.866105425	1.69899865377e+33
6.49577703817	366	219.866105425	1.69899865377e+33
6.49120663752	367	219.866105425	1.69899865377e+33
6.48663779655	368	219.866105425	1.69899865377e+33
6.48207051604	369	219.866105425	1.69899865377e+33
6.47750479673	370	219.866105425	1.69899865377e+33
6.47294063937	371	219.866105425	1.69899865377e+33
6.46837804472	372	219.866105425	1.69899865377e+33
6.46381701353	373	219.866105425	1.69899865377e+33
6.45925754655	374	219.866105425	1.69899865377e+33
6.45469964453	375	219.866105425	1.69899865377e+33
6.45014330822	376	219.866105425	1.69899865377e+33
6.44558853837	377	219.866105425	1.69899865377e+33
6.44103533571	378	219.866105425	1.69899865377e+33
6.436483701	379	219.866105425	1.69899865377e+33
6.43193363498	380	219.866105425	1.69899865377e+33
6.42738513838	381	219.866105425	1.69899865377e+33
6.42283821197	382	219.866105425	1.69899865377e+33
6.41829285646	383	219.866105425	1.69899865377e+33
6.41374907261	384	219.866105425	1.69899865377e+33
6.40920686116	385	219.866105425	1.69899865377e+33
6.40466622283	386	219.866105425	1.69899865377e+33
6.40012715836	387	219.866105425	1.69899865377e+33
6.3955896685	388	219.866105425	1.69899865377e+33
6.39105375397	389	219.866105425	1.69899865377e+33
6.3865194155	390	219.866105425	1.69899865377e+33
6.38198665383	391	219.866105425	1.69899865377e+33
6.37745546969	392	219.866105425	1.69899865377e+33
6.37292586381	393	219.866105425	1.69899865377e+33
6.36839783692	394	219.866105425	1.69899865377e+33
6.36387138974	395	219.866105425	1.69899865377e+33
6.359346523	396	219.866105425	1.69899865377e+33
6.35482323743	397	219.866105425	1.69899865377e+33
6.35030153374	398	219.866105425	1.69899865377e+33
6.34578141266	399	219.866105425	1.69899865377e+33
6.34126287492	400	219.866105425	1.69899865377e+33
6.33674592124	401	219.866105425	1.69899865377e+33
6.33223055232	402	219.866105425	1.69899865377e+33
6.3277167689	403	219.866105425	1.69899865377e+33
6.32320457169	404	219.866105425	1.69899865377e+33
6.3186939614	405	219.866105425	1.69899865377e+33
6.31418493875	406	219.866105425	1.69899865377e+33
6.30967750446	407	219.866105425	1.69899865377e+33
6.30517165924	408	219.866105425	1.69899865377e+33
6.30066740379	409	219.866105425	1.69899865377e+33
6.29616473884	410	219.866105425	1.69899865377e+33
6.29166366508	411	219.866105425	1.69899865377e+33
6.28716418323	412	219.866105425	1.69899865377e+33
6.282666294	413	219.866105425	1.69899865377e+33
6.27816999808	414	219.866105425	1.69899865377e+33
6.27367529619	415	219.866105425	1.69899865377e+33
6.26918218904	416	219.866105425	1.69899865377e+33
6.26469067731	417	219.866105425	1.69899865377e+33
6.26020076172	418	219.866105425	1.69899865377e+33
6.25571244297	419	219.866105425	1.69899865377e+33
6.25122572174	420	219.866105425	1.69899865377e+33
6.24674059876	421	219.866105425	1.69899865377e+33
6.2422570747	422	219.866105425	1.69899865377e+33
6.23777515027	423	219.866105425	1.69899865377e+33
6.23329482616	424	219.866105425	1.69899865377e+33
6.22881610306	425	219.866105425	1.69899865377e+33
6.22433898167	426	219.866105425	1.69899865377e+33
6.21986346268	427	219.866105425	1.69899865377e+33
6.21538954678	428	219.866105425	1.69899865377e+33
6.21091723466	429	219.866105425	1.69899865377e+33
6.20644652701	430	219.866105425	1.69899865377e+33
6.20197742451	431	219.866105425	1.69899865377e+33
6.19750992785	432	219.866105425	1.69899865377e+33
6.19304403772	433	219.866105425	1.69899865377e+33
6.18857975479	434	219.866105425	1.69899865377e+33
6.18411707976	435	219.866105425	1.69899865377e+33
6.1796560133	436	219.866105425	1.69899865377e+33
6.1751965561	437	219.866105425	1.69899865377e+33
6.17073870883	438	219.866105425	1.69899865377e+33
6.16628247216	439	219.866105425	1.69899865377e+33
6.16182784679	440	219.866105425	1.69899865377e+33
6.15737483338	441	219.866105425	1.69899865377e+33
6.15292343261	442	219.866105425	1.69899865377e+33
6.14847364515	443	219.866105425	1.69899865377e+33
6.14402547167	444	219.866105425	1.69899865377e+33
6.13957891285	445	219.866105425	1.69899865377e+33
6.13513396936	446	219.866105425	1.69899865377e+33
6.13069064186	447	219.866105425	1.69899865377e+33
6.12624893103	448	219.866105425	1.69899865377e+33
6.12180883752	449	219.866105425	1.69899865377e+33
6.11737036201	450	219.866105425	1.69899865377e+33
6.11293350516	451	219.866105425	1.69899865377e+33
6.10849826763	452	219.866105425	1.69899865377e+33
6.10406465009	453	219.866105425	1.69899865377e+33
6.0996326532	454	219.866105425	1.69899865377e+33
6.09520227761	455	219.866105425	1.69899865377e+33
6.09077352399	456	219.866105425	1.69899865377e+33
6.08634639299	457	219.866105425	1.69899865377e+33
6.08192088527	458	219.866105425	1.69899865377e+33
6.07749700149	459	219.866105425	1.69899865377e+33
6.0730747423	460	219.866105425	1.69899865377e+33
6.06865410835	461	219.866105425	1.69899865377e+33
6.06423510029	462	219.866105425	1.69899865377e+33
6.05981771878	463	219.866105425	1.69899865377e+33
6.05540196447	464	219.866105425	1.69899865377e+33
6.050987838	465	219.866105425	1.69899865377e+33
6.04657534002	466	219.866105425	1.69899865377e+33
6.04216447118	467	219.866105425	1.69899865377e+33
6.03775523213	468	219.866105425	1.69899865377e+33
6.0333476235	469	219.866105425	1.69899865377e+33
6.02894164594	470	219.866105425	1.69899865377e+33
6.0245373001	471	219.866105425	1.69899865377e+33
6.0201345866	472	219.866105425	1.69899865377e+33
6.0157335061	473	219.866105425	1.69899865377e+33
6.01133405923	474	219.866105425	1.69899865377e+33
6.00693624663	475	219.866105425	1.69899865377e+33
6.00254006893	476	219.866105425	1.69899865377e+33
5.99814552678	477	219.866105425	1.69899865377e+33
5.99375262079	478	219.866105425	1.69899865377e+33
5.98936135161	479	219.866105425	1.69899865377e+33
5.98497171987	480	219.866105425	1.69899865377e+33
5.98058372619	481	219.866105425	1.69899865377e+33
5.97619737121	482	219.866105425	1.69899865377e+33
5.97181265555	483	219.866105425	1.69899865377e+33
5.96742957985	484	219.866105425	1.69899865377e+33
5.96304814472	485	219.866105425	1.69899865377e+33
5.9586683508	486	219.866105425	1.69899865377e+33
5.9542901987	487	219.866105425	1.69899865377e+33
5.94991368905	488	219.866105425	1.69899865377e+33
5.94553882246	489	219.866105425	1.69899865377e+33
5.94116559957	490	219.866105425	1.69899865377e+33
5.93679402099	491	219.866105425	1.69899865377e+33
5.93242408733	492	219.866105425	1.69899865377e+33
5.92805579921	493	219.866105425	1.69899865377e+33
5.92368915725	494	219.866105425	1.69899865377e+33
5.91932416206	495	219.866105425	1.69899865377e+33
5.91496081426	496	219.866105425	1.69899865377e+33
5.91059911445	497	219.866105425	1.69899865377e+33
5.90623906325	498	219.866105425	1.69899865377e+33
5.90188066127	499	219.866105425	1.69899865377e+33
5.89752390912	500	219.866105425	1.69899865377e+33
5.8931688074	501	219.866105425	1.69899865377e+33
5.88881535672	502	219.866105425	1.69899865377e+33
5.88446355769	503	219.866105425	1.69899865377e+33
5.8801134109	504	219.866105425	1.69899865377e+33
5.87576491697	505	219.866105425	1.69899865377e+33
5.87141807649	506	219.866105425	1.69899865377e+33
5.86707289006	507	219.866105425	1.69899865377e+33
5.86272935829	508	219.866105425	1.69899865377e+33
5.85838748177	509	219.866105425	1.69899865377e+33
5.8540472611	510	219.866105425	1.69899865377e+33
5.84970869687	511	219.866105425	1.69899865377e+33
5.84537178968	512	219.866105425	1.69899865377e+33
5.84103654013	513	219.866105425	1.69899865377e+33
5.8367029488	514	219.866105425	1.69899865377e+33
5.83237101629	515	219.866105425	1.69899865377e+33
5.82804074318	516	219.866105425	1.69899865377e+33
5.82371213007	517	219.866105425	1.69899865377e+33
5.81938517754	518	219.866105425	1.69899865377e+33
5.81505988619	519	219.866105425	1.69899865377e+33
5.81073625658	520	219.866105425	1.69899865377e+33
5.80641428932	521	219.866105425	1.69899865377e+33
5.80209398499	522	219.866105425	1.69899865377e+33
5.79777534415	523	219.866105425	1.69899865377e+33
5.79345836741	524	219.866105425	1.69899865377e+33
5.78914305533	525	219.866105425	1.69899865377e+33
5.78482940849	526	219.866105425	1.69899865377e+33
5.78051742748	527	219.866105425	1.69899865377e+33
5.77620711286	528	219.866105425	1.69899865377e+33
5.77189846522	529	219.866105425	1.69899865377e+33
5.76759148513	530	219.866105425	1.69899865377e+33
5.76328617315	531	219.866105425	1.69899865377e+33
5.75898252987	532	219.866105425	1.69899865377e+33
5.75468055585	533	219.866105425	1.69899865377e+33
5.75038025166	534	219.866105425	1.69899865377e+33
5.74608161787	535	219.866105425	1.69899865377e+33
5.74178465504	536	219.866105425	1.69899865377e+33
5.73748936375	537	219.866105425	1.69899865377e+33
5.73319574456	538	219.866105425	1.69899865377e+33
5.72890379803	539	219.866105425	1.69899865377e+33
5.72461352472	540	219.866105425	1.69899865377e+33
5.72032492519	541	219.866105425	1.69899865377e+33
5.71603800001	542	219.866105425	1.69899865377e+33
5.71175274973	543	219.866105425	1.69899865377e+33
5.70746917492	544	219.866105425	1.69899865377e+33
5.70318727612	545	219.866105425	1.69899865377e+33
5.69890705389	546	219.866105425	1.69899865377e+33
5.69462850879	547	219.866105425	1.69899865377e+33
5.69035164138	548	219.866105425	1.69899865377e+33
5.68607645219	549	219.866105425	1.69899865377e+33
5.68180294179	550	219.866105425	1.69899865377e+33
5.67753111072	551	219.866105425	1.69899865377e+33
5.67326095953	552	219.866105425	1.69899865377e+33
5.66899248877	553	219.866105425	1.69899865377e+33
5.66472569898	554	219.866105425	1.69899865377e+33
5.66046059071	555	219.866105425	1.69899865377e+33
5.65619716451	556	219.866105425	1.69899865377e+33
5.65193542091	557	219.866105425	1.69899865377e+33
5.64767536047	558	219.866105425	1.69899865377e+33
5.6434169837	559	219.866105425	1.69899865377e+33
5.63916029117	560	219.866105425	1.69899865377e+33
5.6349052834	561	219.866105425	1.69899865377e+33
5.63065196093	562	219.866105425	1.69899865377e+33
5.6264003243	563	219.866105425	1.69899865377e+33
5.62215037404	564	219.866105425	1.69899865377e+33
5.61790211069	565	219.866105425	1.69899865377e+33
5.61365553478	566	219.866105425	1.69899865377e+33
5.60941064683	567	219.866105425	1.69899865377e+33
5.60516744738	568	219.866105425	1.69899865377e+33
5.60092593696	569	219.866105425	1.69899865377e+33
5.5966861161	570	219.866105425	1.69899865377e+33
5.59244798532	571	219.866105425	1.69899865377e+33
5.58821154514	572	219.866105425	1.69899865377e+33
5.58397679609	573	219.866105425	1.69899865377e+33
5.5797437387	574	219.866105425	1.69899865377e+33
5.57551237348	575	219.866105425	1.69899865377e+33
5.57128270096	576	219.866105425	1.69899865377e+33
5.56705472165	577	219.866105425	1.69899865377e+33
5.56282843608	578	219.866105425	1.69899865377e+33
5.55860384476	579	219.866105425	1.69899865377e+33
5.5543809482	580	219.866105425	1.69899865377e+33
5.55015974693	581	219.866105425	1.69899865377e+33
5.54594024145	582	219.866105425	1.69899865377e+33
5.54172243227	583	219.866105425	1.69899865377e+33
5.53750631992	584	219.866105425	1.69899865377e+33
5.53329190489	585	219.866105425	1.69899865377e+33
5.52907918771	586	219.866105425	1.69899865377e+33
5.52486816887	587	219.866105425	1.69899865377e+33
5.52065884888	588	219.866105425	1.69899865377e+33
5.51645122824	589	219.866105425	1.69899865377e+33
5.51224530747	590	219.866105425	1.69899865377e+33
5.50804108707	591	219.866105425	1.69899865377e+33
5.50383856753	592	219.866105425	1.69899865377e+33
5.49963774936	593	219.866105425	1.69899865377e+33
5.49543863306	594	219.866105425	1.69899865377e+33
5.49124121912	595	219.866105425	1.69899865377e+33
5.48704550805	596	219.866105425	1.69899865377e+33
5.48285150034	597	219.866105425	1.69899865377e+33
5.47865919648	598	219.866105425	1.69899865377e+33
5.47446859697	599	219.866105425	1.69899865377e+33
5.4702797023	600	219.866105425	1.69899865377e+33
5.46609251296	601	219.866105425	1.69899865377e+33
5.46190702945	602	219.866105425	1.69899865377e+33
5.45772325225	603	219.866105425	1.69899865377e+33
5.45354118185	604	219.866105425	1.69899865377e+33
5.44936081873	605	219.866105425	1.69899865377e+33
5.44518216339	606	219.866105425	1.69899865377e+33
5.44100521631	607	219.866105425	1.69899865377e+33
5.43682997796	608	219.866105425	1.69899865377e+33
5.43265644884	609	219.866105425	1.69899865377e+33
5.42848462942	610	219.866105425	1.69899865377e+33
5.42431452019	611	219.866105425	1.69899865377e+33
5.42014612162	612	219.866105425	1.69899865377e+33
5.41597943419	613	219.866105425	1.69899865377e+33
5.41181445838	614	219.866105425	1.69899865377e+33
5.40765119466	615	219.866105425	1.69899865377e+33
5.4034896435	616	219.866105425	1.69899865377e+33
5.39932980538	617	219.866105425	1.69899865377e+33
5.39517168077	618	219.866105425	1.69899865377e+33
5.39101527015	619	219.866105425	1.69899865377e+33
5.38686057397	620	219.866105425	1.69899865377e+33
5.38270759272	621	219.866105425	1.69899865377e+33
5.37855632685	622	219.866105425	1.69899865377e+33
5.37440677683	623	219.866105425	1.69899865377e+33
5.37025894313	624	219.866105425	1.69899865377e+33
5.3661128262	625	219.866105425	1.69899865377e+33
5.36196842652	626	219.866105425	1.69899865377e+33
5.35782574455	627	219.866105425	1.69899865377e+33
5.35368478074	628	219.866105425	1.69899865377e+33
5.34954553555	629	219.866105425	1.69899865377e+33
5.34540800944	630	219.866105425	1.69899865377e+33
5.34127220287	631	219.866105425	1.69899865377e+33
5.3371381163	632	219.866105425	1.69899865377e+33
5.33300575017	633	219.866105425	1.69899865377e+33
5.32887510494	634	219.866105425	1.69899865377e+33
5.32474618107	635	219.866105425	1.69899865377e+33
5.32061897899	636	219.866105425	1.69899865377e+33
5.31649349918	637	219.866105425	1.69899865377e+33
5.31236974206	638	219.866105425	1.69899865377e+33
5.30824770809	639	219.866105425	1.69899865377e+33
5.30412739772	640	219.866105425	1.69899865377e+33
5.30000881138	641	219.866105425	1.69899865377e+33
5.29589194954	642	219.866105425	1.69899865377e+33
5.29177681261	643	219.866105425	1.69899865377e+33
5.28766340106	644	219.866105425	1.69899865377e+33
5.28355171532	645	219.866105425	1.69899865377e+33
5.27944175582	646	219.866105425	1.69899865377e+33
5.27533352301	647	219.866105425	1.69899865377e+33
5.27122701733	648	219.866105425	1.69899865377e+33
5.2671222392	649	219.866105425	1.69899865377e+33
5.26301918906	650	219.866105425	1.69899865377e+33
5.25891786736	651	219.866105425	1.69899865377e+33
5.25481827451	652	219.866105425	1.69899865377e+33
5.25072041095	653	219.866105425	1.69899865377e+33
5.24662427711	654	219.866105425	1.69899865377e+33
5.24252987343	655	219.866105425	1.69899865377e+33
5.23843720032	656	219.866105425	1.69899865377e+33
5.23434625821	657	219.866105425	1.69899865377e+33
5.23025704753	658	219.866105425	1.69899865377e+33
5.2261695687	659	219.866105425	1.69899865377e+33
5.22208382215	660	219.866105425	1.69899865377e+33
5.2179998083	661	219.866105425	1.69899865377e+33
5.21391752757	662	219.866105425	1.69899865377e+33
5.20983698037	663	219.866105425	1.69899865377e+33
5.20575816714	664	219.866105425	1.69899865377e+33
5.20168108827	665	219.866105425	1.69899865377e+33
5.1976057442	666	219.866105425	1.69899865377e+33
5.19353213533	667	219.866105425	1.69899865377e+33
5.18946026207	668	219.866105425	1.69899865377e+33
5.18538979907	669	219.866105425	1.69899865377e+33
5.18131834403	670	219.866105425	1.69899865377e+33
5.17724589522	671	219.866105425	1.69899865377e+33
5.17317245096	672	219.866105425	1.69899865377e+33
5.16909800951	673	219.866105425	1.69899865377e+33
5.16502256917	674	219.866105425	1.69899865377e+33
5.16094612821	675	219.866105425	1.69899865377e+33
5.15686868491	676	219.866105425	1.69899865377e+33
5.15279023752	677	219.866105425	1.69899865377e+33
5.14871078433	678	219.866105425	1.69899865377e+33
5.14463032358	679	219.866105425	1.69899865377e+33
5.14054885353	680	219.866105425	1.69899865377e+33
5.13646637244	681	219.866105425	1.69899865377e+33
5.13238287855	682	219.866105425	1.69899865377e+33
5.1282983701	683	219.866105425	1.69899865377e+33
5.12421284533	684	219.866105425	1.69899865377e+33
5.12012630247	685	219.866105425	1.69899865377e+33
5.11603873976	686	219.866105425	1.69899865377e+33
5.11195015542	687	219.866105425	1.69899865377e+33
5.10786054766	688	219.866105425	1.69899865377e+33
5.10376991471	689	219.866105425	1.69899865377e+33
5.09967825477	690	219.866105425	1.69899865377e+33
5.09558556605	691	219.866105425	1.69899865377e+33
5.09149184675	692	219.866105425	1.69899865377e+33
5.08739709506	693	219.866105425	1.69899865377e+33
5.08330130919	694	219.866105425	1.69899865377e+33
5.07920448732	695	219.866105425	1.69899865377e+33
5.07510662763	696	219.866105425	1.69899865377e+33
5.0710077283	697	219.866105425	1.69899865377e+33
5.06690778751	698	219.866105425	1.69899865377e+33
5.06280680342	699	219.866105425	1.69899865377e+33
5.0587047742	700	219.866105425	1.69899865377e+33
5.054601698	701	219.866105425	1.69899865377e+33
5.05049757299	702	219.866105425	1.69899865377e+33
5.04639239731	703	219.866105425	1.69899865377e+33
5.04228616911	704	219.866105425	1.69899865377e+33
5.03817888652	705	219.866105425	1.69899865377e+33
5.03407054769	706	219.866105425	1.69899865377e+33
5.02996115075	707	219.866105425	1.69899865377e+33
5.02585069382	708	219.866105425	1.69899865377e+33
5.02173917502	709	219.866105425	1.69899865377e+33
5.01762659248	710	219.866105425	1.69899865377e+33
5.01351294429	711	219.866105425	1.69899865377e+33
5.00939822857	712	219.866105425	1.69899865377e+33
5.00528244342	713	219.866105425	1.69899865377e+33
5.00116558693	714	219.866105425	1.69899865377e+33
4.9970476572	715	219.866105425	1.69899865377e+33
4.99292865232	716	219.866105425	1.69899865377e+33
4.98880857036	717	219.866105425	1.69899865377e+33
4.9846874094	718	219.866105425	1.69899865377e+33
4.98056516751	719	219.866105425	1.69899865377e+33
4.97644184277	720	219.866105425	1.69899865377e+33
4.97231743323	721	219.866105425	1.69899865377e+33
4.96819193694	722	219.866105425	1.69899865377e+33
4.96406535197	723	219.866105425	1.69899865377e+33
4.95993767634	724	219.866105425	1.69899865377e+33
4.95580890812	725	219.866105425	1.69899865377e+33
4.95167904532	726	219.866105425	1.69899865377e+33
4.94754808599	727	219.866105425	1.69899865377e+33
4.94341602814	728	219.866105425	1.69899865377e+33
4.9392828698	729	219.866105425	1.69899865377e+33
4.93514860898	730	219.866105425	1.69899865377e+33
4.9310132437	731	219.866105425	1.69899865377e+33
4.92687677194	732	219.866105425	1.69899865377e+33
4.92273919173	733	219.866105425	1.69899865377e+33
4.91860050103	734	219.866105425	1.69899865377e+33
4.91446069786	735	219.866105425	1.69899865377e+33
4.91031978018	736	219.866105425	1.69899865377e+33
4.90617774598	737	219.866105425	1.69899865377e+33
4.90203459322	738	219.866105425	1.69899865377e+33
4.89789031988	739	219.866105425	1.69899865377e+33
4.89374492391	740	219.866105425	1.69899865377e+33
4.88959840327	741	219.866105425	1.69899865377e+33
4.88545075591	742	219.866105425	1.69899865377e+33
4.88130197977	743	219.866105425	1.69899865377e+33
4.8771520728	744	219.866105425	1.69899865377e+33
4.87300103293	745	219.866105425	1.69899865377e+33
4.86896538677	746	219.866105425	1.69899865377e+33
4.86486988095	747	219.866105425	1.69899865377e+33
4.86080560111	748	219.866105425	1.69899865377e+33
4.85672497014	749	219.866105425	1.69899865377e+33
4.85265278123	750	219.866105425	1.69899865377e+33
4.84857609534	751	219.866105425	1.69899865377e+33
4.84450166163	752	219.866105425	1.69899865377e+33
4.8404259579	753	219.866105425	1.69899865377e+33
4.83635082229	754	219.866105425	1.69899865377e+33
4.83227529532	755	219.866105425	1.69899865377e+33
4.82819987793	756	219.866105425	1.69899865377e+33
4.82412430858	757	219.866105425	1.69899865377e+33
4.82004872389	758	219.866105425	1.69899865377e+33
4.81597305253	759	219.866105425	1.69899865377e+33
4.81189733181	760	219.866105425	1.69899865377e+33
4.80782154226	761	219.866105425	1.69899865377e+33
4.80374569408	762	219.866105425	1.69899865377e+33
4.79966978198	763	219.866105425	1.69899865377e+33
4.79559380875	764	219.866105425	1.69899865377e+33
4.79151777298	765	219.866105425	1.69899865377e+33
4.78744167543	766	219.866105425	1.69899865377e+33
4.78336551573	767	219.866105425	1.69899865377e+33
4.77928929412	768	219.866105425	1.69899865377e+33
4.77521301051	769	219.866105425	1.69899865377e+33
4.77113666497	770	219.866105425	1.69899865377e+33
4.76706025749	771	219.866105425	1.69899865377e+33
4.76298378812	772	219.866105425	1.69899865377e+33
4.75890725687	773	219.866105425	1.69899865377e+33
4.75483066377	774	219.866105425	1.69899865377e+33
4.75075400883	775	219.866105425	1.69899865377e+33
4.74667729208	776	219.866105425	1.69899865377e+33
4.74260051354	777	219.866105425	1.69899865377e+33
4.73852367324	778	219.866105425	1.69899865377e+33
4.73444677119	779	219.866105425	1.69899865377e+33
4.73036980742	780	219.866105425	1.69899865377e+33
4.72629278195	781	219.866105425	1.69899865377e+33
4.72221569481	782	219.866105425	1.69899865377e+33
4.71813854601	783	219.866105425	1.69899865377e+33
4.71406133557	784	219.866105425	1.69899865377e+33
4.70998406354	785	219.866105425	1.69899865377e+33
4.70590672991	786	219.866105425	1.69899865377e+33
4.70182933472	787	219.866105425	1.69899865377e+33
4.697751878	788	219.866105425	1.69899865377e+33
4.69367435975	789	219.866105425	1.69899865377e+33
4.68959678002	790	219.866105425	1.69899865377e+33
4.68551913881	791	219.866105425	1.69899865377e+33
4.68144143615	792	219.866105425	1.69899865377e+33
4.67736367207	793	219.866105425	1.69899865377e+33
4.67328584659	794	219.866105425	1.69899865377e+33
4.66920795973	795	219.866105425	1.69899865377e+33
4.66513001152	796	219.866105425	1.69899865377e+33
4.66105200197	797	219.866105425	1.69899865377e+33
4.65697393112	798	219.866105425	1.69899865377e+33
4.65289579898	799	219.866105425	1.69899865377e+33
4.64881760558	800	219.866105425	1.69899865377e+33
4.64473935094	801	219.866105425	1.69899865377e+33
4.64066103509	802	219.866105425	1.69899865377e+33
4.63658265805	803	219.866105425	1.69899865377e+33
4.63250421984	804	219.866105425	1.69899865377e+33
4.62842572049	805	219.866105425	1.69899865377e+33
4.62434716002	806	219.866105425	1.69899865377e+33
4.62026853845	807	219.866105425	1.69899865377e+33
4.61618985582	808	219.866105425	1.69899865377e+33
4.61211111213	809	219.866105425	1.69899865377e+33
4.60803230743	810	219.866105425	1.69899865377e+33
4.60395344172	811	219.866105425	1.69899865377e+33
4.59987451504	812	219.866105425	1.69899865377e+33
4.59579552741	813	219.866105425	1.69899865377e+33
4.59171647885	814	219.866105425	1.69899865377e+33
4.58763736939	815	219.866105425	1.69899865377e+33
4.58355819905	816	219.866105425	1.69899865377e+33
4.57947896785	817	219.866105425	1.69899865377e+33
4.57539967583	818	219.866105425	1.69899865377e+33
4.571320323	819	219.866105425	1.69899865377e+33
4.56724090939	820	219.866105425	1.69899865377e+33
4.56316143503	821	219.866105425	1.69899865377e+33
4.55908189993	822	219.866105425	1.69899865377e+33
4.55500230413	823	219.866105425	1.69899865377e+33
4.55092264765	824	219.866105425	1.69899865377e+33
4.54684293051	825	219.866105425	1.69899865377e+33
4.54276315274	826	219.866105425	1.69899865377e+33
4.53868331436	827	219.866105425	1.69899865377e+33
4.5346034154	828	219.866105425	1.69899865377e+33
4.53052345588	829	219.866105425	1.69899865377e+33
4.52644343583	830	219.866105425	1.69899865377e+33
4.52236335528	831	219.866105425	1.69899865377e+33
4.51828321424	832	219.866105425	1.69899865377e+33
4.51420301275	833	219.866105425	1.69899865377e+33
4.51012275082	834	219.866105425	1.69899865377e+33
4.50604242849	835	219.866105425	1.69899865377e+33
4.50196204578	836	219.866105425	1.69899865377e+33
4.49788160271	837	219.866105425	1.69899865377e+33
4.49380109932	838	219.866105425	1.69899865376e+33
4.48972053562	839	219.866105425	1.69899865376e+33
4.48563991164	840	219.866105425	1.69899865376e+33
4.48155922741	841	219.866105425	1.69899865376e+33
4.47747848295	842	219.866105425	1.69899865376e+33
4.4733976783	843	219.866105425	1.69899865376e+33
4.46931681347	844	219.866105425	1.69899865376e+33
4.46523588849	845	219.866105425	1.69899865376e+33
4.46115490338	846	219.866105425	1.69899865376e+33
4.45707385818	847	219.866105425	1.69899865376e+33
4.45299275291	848	219.866105425	1.69899865376e+33
4.44891158759	849	219.866105425	1.69899865376e+33
4.44483036226	850	219.866105425	1.69899865376e+33
4.44074907693	851	219.866105425	1.69899865376e+33
4.43666773164	852	219.866105425	1.69899865376e+33
4.43258632641	853	219.866105425	1.69899865376e+33
4.42850486126	854	219.866105425	1.69899865376e+33
4.42442333623	855	219.866105425	1.69899865376e+33
4.42034175134	856	219.866105425	1.69899865376e+33
4.41626010661	857	219.866105425	1.69899865376e+33
4.41217840208	858	219.866105425	1.69899865376e+33
4.40809663777	859	219.866105425	1.69899865376e+33
4.4040148137	860	219.866105425	1.69899865376e+33
4.39993292991	861	219.866105425	1.69899865376e+33
4.39585098642	862	219.866105425	1.69899865376e+33
4.39176898326	863	219.866105425	1.69899865376e+33
4.38768692045	864	219.866105425	1.69899865376e+33
4.38360479802	865	219.866105425	1.69899865376e+33
4.37952261601	866	219.866105425	1.69899865376e+33
4.37544037443	867	219.866105425	1.69899865376e+33
4.37135807331	868	219.866105425	1.69899865376e+33
4.36727571268	869	219.866105425	1.69899865376e+33
4.36319329258	870	219.866105425	1.69899865376e+33
4.35911081301	871	219.866105425	1.69899865376e+33
4.35502827402	872	219.866105425	1.69899865376e+33
4.35094567564	873	219.866105425	1.69899865376e+33
4.34686301788	874	219.866105425	1.69899865376e+33
4.34278030077	875	219.866105425	1.69899865376e+33
4.33869752435	876	219.866105425	1.69899865376e+33
4.33461468865	877	219.866105425	1.69899865376e+33
4.33053179368	878	219.866105425	1.69899865376e+33
4.32644883948	879	219.866105425	1.69899865376e+33
4.32236582608	880	219.866105425	1.69899865376e+33
4.3182827535	881	219.866105425	1.69899865376e+33
4.31419962177	882	219.866105425	1.69899865376e+33
4.31011643093	883	219.866105425	1.69899865376e+33
4.30603318099	884	219.866105425	1.69899865376e+33
4.30194987199	885	219.866105425	1.69899865376e+33
4.29786650395	886	219.866105425	1.69899865376e+33
4.29378307691	887	219.866105425	1.69899865376e+33
4.28969959089	888	219.866105425	1.69899865376e+33
4.28561604592	889	219.866105425	1.69899865376e+33
4.28153244204	890	219.866105425	1.69899865376e+33
4.27744877926	891	219.866105425	1.69899865376e+33
4.27336505761	892	219.866105425	1.69899865376e+33
4.26928127714	893	219.866105425	1.69899865376e+33
4.26519743786	894	219.866105425	1.69899865376e+33
4.2611135398	895	219.866105425	1.69899865376e+33
4.257029583	896	219.866105425	1.69899865376e+33
4.25294556748	897	219.866105425	1.69899865376e+33
4.24886149327	898	219.866105425	1.69899865376e+33
4.24477736041	899	219.866105425	1.69899865376e+33
4.24069316891	900	219.866105425	1.69899865376e+33
4.23660891881	901	219.866105425	1.69899865376e+33
4.23252461014	902	219.866105425	1.69899865376e+33
4.22844024294	903	219.866105425	1.69899865376e+33
4.22435581722	904	219.866105425	1.69899865376e+33
4.22027133301	905	219.866105425	1.69899865376e+33
4.21618679036	906	219.866105425	1.69899865376e+33
4.21210218928	907	219.866105425	1.69899865376e+33
4.20801752981	908	219.866105425	1.69899865376e+33
4.20393281198	909	219.866105425	1.69899865376e+33
4.19984803582	910	219.866105425	1.69899865376e+33
4.19576320135	911	219.866105425	1.69899865376e+33
4.19167830862	912	219.866105425	1.69899865376e+33
4.18759335764	913	219.866105425	1.69899865376e+33
4.18350834845	914	219.866105425	1.69899865376e+33
4.17942328107	915	219.866105425	1.69899865376e+33
4.17533815555	916	219.866105425	1.69899865376e+33
4.17125297191	917	219.866105425	1.69899865376e+33
4.16716773018	918	219.866105425	1.69899865376e+33
4.16308243039	919	219.866105425	1.69899865376e+33
4.15899707257	920	219.866105425	1.69899865376e+33
4.15491165675	921	219.866105425	1.69899865376e+33
4.15082618297	922	219.866105425	1.69899865376e+33
4.14674065125	923	219.866105425	1.69899865376e+33
4.14265506163	924	219.866105425	1.69899865376e+33
4.13856941413	925	219.866105425	1.69899865376e+33
4.13448370879	926	219.866105425	1.69899865376e+33
4.13039794564	927	219.866105425	1.69899865376e+33
4.12631212471	928	219.866105425	1.69899865376e+33
4.12222624604	929	219.866105425	1.69899865376e+33
4.11814030965	930	219.866105425	1.69899865376e+33
4.11405431557	931	219.866105425	1.69899865376e+33
4.10996826383	932	219.866105425	1.69899865376e+33
4.10588215448	933	219.866105425	1.69899865376e+33
4.10179598754	934	219.866105425	1.69899865376e+33
4.09770976304	935	219.866105425	1.69899865376e+33
4.09362348101	936	219.866105425	1.69899865376e+33
4.08953714149	937	219.866105425	1.69899865376e+33
4.0854507445	938	219.866105425	1.69899865376e+33
4.08136429009	939	219.866105425	1.69899865376e+33
4.07727777827	940	219.866105425	1.69899865376e+33
4.0731912091	941	219.866105425	1.69899865376e+33
4.06910458258	942	219.866105425	1.69899865376e+33
4.06501789877	943	219.866105425	1.69899865376e+33
4.06093115769	944	219.866105425	1.69899865376e+33
4.05684435938	945	219.866105425	1.69899865376e+33
4.05275750386	946	219.866105425	1.69899865376e+33
4.04867059117	947	219.866105425	1.69899865376e+33
4.04458362134	948	219.866105425	1.69899865376e+33
4.04049659441	949	219.866105425	1.69899865376e+33
4.03640951041	950	219.866105425	1.69899865376e+33
4.03232236937	951	219.866105425	1.69899865376e+33
4.02823517133	952	219.866105425	1.69899865376e+33
4.02414791631	953	219.866105425	1.69899865376e+33
4.02006060435	954	219.866105425	1.69899865376e+33
4.01597323549	955	219.866105425	1.69899865376e+33
4.01188580976	956	219.866105425	1.69899865376e+33
4.00779832719	957	219.866105425	1.69899865376e+33
4.00371078781	958	219.866105425	1.69899865376e+33
3.99962319167	959	219.866105425	1.69899865376e+33
3.99553553879	960	219.866105425	1.69899865376e+33
3.9914478292	961	219.866105425	1.69899865376e+33
3.98736006294	962	219.866105425	1.69899865376e+33
3.98327224005	963	219.866105425	1.69899865376e+33
3.97918436056	964	219.866105425	1.69899865376e+33
3.9750964245	965	219.866105425	1.69899865376e+33
3.97100843191	966	219.866105425	1.69899865376e+33
3.96692038282	967	219.866105425	1.69899865376e+33
3.96283227727	968	219.866105425	1.69899865376e+33
3.95874411529	969	219.866105425	1.69899865376e+33
3.95465589691	970	219.866105425	1.69899865376e+33
3.95056762218	971	219.866105425	1.69899865376e+33
3.94647929112	972	219.866105425	1.69899865376e+33
3.94239090377	973	219.866105425	1.69899865376e+33
3.93830246016	974	219.866105425	1.69899865376e+33
3.93421396033	975	219.866105425	1.69899865376e+33
3.93012540432	976	219.866105425	1.69899865376e+33
3.92603679216	977	219.866105425	1.69899865376e+33
3.92194812388	978	219.866105425	1.69899865376e+33
3.91785939953	979	219.866105425	1.69899865376e+33
3.91377061913	980	219.866105425	1.69899865376e+33
3.90968178272	981	219.866105425	1.69899865376e+33
3.90559289034	982	219.866105425	1.69899865376e+33
3.90150394203	983	219.866105425	1.69899865376e+33
3.89741493781	984	219.866105425	1.69899865376e+33
3.89332587773	985	219.866105425	1.69899865376e+33
3.88923676182	986	219.866105425	1.69899865376e+33
3.88514759011	987	219.866105425	1.69899865376e+33
3.88105836265	988	219.866105425	1.69899865376e+33
3.87696907947	989	219.866105425	1.69899865376e+33
3.87287974061	990	219.866105425	1.69899865376e+33
3.8687903461	991	219.866105425	1.69899865376e+33
3.86470089597	992	219.866105425	1.69899865376e+33
3.86061139027	993	219.866105425	1.69899865376e+33
3.85652182904	994	219.866105425	1.69899865376e+33
3.8524322123	995	219.866105425	1.69899865376e+33
3.8483425401	996	219.866105425	1.69899865376e+33
3.84425281247	997	219.866105425	1.69899865376e+33
3.84016302945	998	219.866105425	1.69899865376e+33
3.83607319108	999	219.866105425	1.69899865376e+33
3.8319832974	1000	219.866105425	1.69899865376e+33
3.82789334843	1001	219.866105425	1.69899865376e+33
3.82380334423	1002	219.866105425	1.69899865376e+33
3.81971328482	1003	219.866105425	1.69899865376e+33
3.81562317025	1004	219.866105425	1.69899865376e+33
3.81153300054	1005	219.866105425	1.69899865376e+33
3.80744277575	1006	219.866105425	1.69899865376e+33
3.80335249591	1007	219.866105425	1.69899865376e+33
3.79926216105	1008	219.866105425	1.69899865376e+33
3.79517177122	1009	219.866105425	1.69899865376e+33
3.79108132645	1010	219.866105425	1.69899865376e+33
3.78699082677	1011	219.866105425	1.69899865376e+33
3.78290027224	1012	219.866105425	1.69899865376e+33
3.77880966289	1013	219.866105425	1.69899865376e+33
3.77471899875	1014	219.866105425	1.69899865376e+33
3.77062827986	1015	219.866105425	1.69899865376e+33
3.76653750627	1016	219.866105425	1.69899865376e+33
3.76244667802	1017	219.866105425	1.69899865376e+33
3.75835579513	1018	219.866105425	1.69899865376e+33
3.75426485765	1019	219.866105425	1.69899865376e+33
3.75017386563	1020	219.866105425	1.69899865376e+33
3.74608281909	1021	219.866105425	1.69899865376e+33
3.74199171808	1022	219.866105425	1.69899865376e+33
3.73790056264	1023	219.866105425	1.69899865376e+33
3.7338093528	1024	219.866105425	1.69899865376e+33
3.72971808862	1025	219.866105425	1.69899865376e+33
3.72562677012	1026	219.866105425	1.69899865376e+33
3.72153539734	1027	219.866105425	1.69899865376e+33
3.71744397034	1028	219.866105425	1.69899865376e+33
3.71335248913	1029	219.866105425	1.69899865376e+33
3.70926095378	1030	219.866105425	1.69899865376e+33
3.70516936432	1031	219.866105425	1.69899865376e+33
3.70107772078	1032	219.866105425	1.69899865376e+33
3.69698602321	1033	219.866105425	1.69899865376e+33
3.69289427164	1034	219.866105425	1.69899865376e+33
3.68880246613	1035	219.866105425	1.69899865376e+33
3.68471060671	1036	219.866105425	1.69899865376e+33
3.68061869342	1037	219.866105425	1.69899865376e+33
3.6765267263	1038	219.866105425	1.69899865376e+33
3.67243470539	1039	219.866105425	1.69899865376e+33
3.66834263074	1040	219.866105425	1.69899865376e+33
3.66425050239	1041	219.866105425	1.69899865376e+33
3.66015832037	1042	219.866105425	1.69899865376e+33
3.65606608473	1043	219.866105425	1.69899865376e+33
3.65197379551	1044	219.866105425	1.69899865376e+33
3.64788145275	1045	219.866105425	1.69899865376e+33
3.6437890565	1046	219.866105425	1.69899865376e+33
3.63969660679	1047	219.866105425	1.69899865376e+33
3.63560410368	1048	219.866105425	1.69899865376e+33
3.63151154719	1049	219.866105425	1.69899865376e+33
3.62741893737	1050	219.866105425	1.69899865376e+33
3.62332627427	1051	219.866105425	1.69899865376e+33
3.61923355793	1052	219.866105425	1.69899865376e+33
3.61514078839	1053	219.866105425	1.69899865376e+33
3.61104796569	1054	219.866105425	1.69899865376e+33
3.60695508987	1055	219.866105425	1.69899865376e+33
3.60286216099	1056	219.866105425	1.69899865376e+33
3.59876917907	1057	219.866105425	1.69899865376e+33
3.59467614418	1058	219.866105425	1.69899865376e+33
3.59058305634	1059	219.866105425	1.69899865376e+33
3.5864899156	1060	219.866105425	1.69899865376e+33
3.58239672201	1061	219.866105425	1.69899865376e+33
3.5783034756	1062	219.866105425	1.69899865376e+33
3.57421017643	1063	219.866105425	1.69899865376e+33
3.57011682454	1064	219.866105425	1.69899865376e+33
3.56602341997	1065	219.866105425	1.69899865376e+33
3.56192996276	1066	219.866105425	1.69899865376e+33
3.55783645296	1067	219.866105425	1.69899865376e+33
3.55374289061	1068	219.866105425	1.69899865376e+33
3.54964927576	1069	219.866105425	1.69899865376e+33
3.54555560846	1070	219.866105425	1.69899865376e+33
3.54146188874	1071	219.866105425	1.69899865376e+33
3.53736811665	1072	219.866105425	1.69899865376e+33
3.53327429224	1073	219.866105425	1.69899865376e+33
3.52918041555	1074	219.866105425	1.69899865376e+33
3.52508648663	1075	219.866105425	1.69899865376e+33
3.52099250552	1076	219.866105425	1.69899865376e+33
3.51689847227	1077	219.866105425	1.69899865376e+33
3.51280438692	1078	219.866105425	1.69899865376e+33
3.50871024953	1079	219.866105425	1.69899865376e+33
3.50461606012	1080	219.866105425	1.69899865376e+33
3.50052181876	1081	219.866105425	1.69899865376e+33
3.49642752548	1082	219.866105425	1.69899865376e+33
3.49233318034	1083	219.866105425	1.69899865376e+33
3.48823878337	1084	219.866105425	1.69899865376e+33
3.48414433463	1085	219.866105425	1.69899865376e+33
3.48004983417	1086	219.866105425	1.69899865376e+33
3.47595528202	1087	219.866105425	1.69899865376e+33
3.47186067824	1088	219.866105425	1.69899865376e+33
3.46776602287	1089	219.866105425	1.69899865376e+33
3.46367131595	1090	219.866105425	1.69899865376e+33
3.45957655755	1091	219.866105425	1.69899865376e+33
3.4554817477	1092	219.866105425	1.69899865376e+33
3.45138688645	1093	219.866105425	1.69899865376e+33
3.44729197385	1094	219.866105425	1.69899865376e+33
3.44319700994	1095	219.866105425	1.69899865376e+33
3.43910199478	1096	219.866105425	1.69899865376e+33
3.43500692841	1097	219.866105425	1.69899865376e+33
3.43091181089	1098	219.866105425	1.69899865376e+33
3.42681664225	1099	219.866105425	1.69899865376e+33
3.42272142254	1100	219.866105425	1.69899865376e+33
3.41862615183	1101	219.866105425	1.69899865376e+33
3.41453083014	1102	219.866105425	1.69899865376e+33
3.41043545754	1103	219.866105425	1.69899865376e+33
3.40634003407	1104	219.866105425	1.69899865376e+33
3.40224455978	1105	219.866105425	1.69899865376e+33
3.39814903472	1106	219.866105425	1.69899865376e+33
3.39405345894	1107	219.866105425	1.69899865376e+33
3.38995783248	1108	219.866105425	1.69899865376e+33
3.38586215541	1109	219.866105425	1.69899865376e+33
3.38176642776	1110	219.866105425	1.69899865376e+33
3.37767064959	1111	219.866105425	1.69899865376e+33
3.37357482094	1112	219.866105425	1.69899865376e+33
3.36947894187	1113	219.866105425	1.69899865376e+33
3.36538301243	1114	219.866105425	1.69899865376e+33
3.36128703267	1115	219.866105425	1.69899865376e+33
3.35719100263	1116	219.866105425	1.69899865376e+33
3.35309492238	1117	219.866105425	1.69899865376e+33
3.34899879195	1118	219.866105425	1.69899865376e+33
3.3449026114	1119	219.866105425	1.69899865376e+33
3.34080638079	1120	219.866105425	1.69899865376e+33
3.33671010016	1121	219.866105425	1.69899865376e+33
3.33261376956	1122	219.866105425	1.69899865376e+33
3.32851738904	1123	219.866105425	1.69899865376e+33
3.32442095867	1124	219.866105425	1.69899865376e+33
3.32032447848	1125	219.866105425	1.69899865376e+33
3.31622794853	1126	219.866105425	1.69899865376e+33
3.31213136888	1127	219.866105425	1.69899865376e+33
3.30803473957	1128	219.866105425	1.69899865376e+33
3.30393806066	1129	219.866105425	1.69899865376e+33
3.29984133219	1130	219.866105425	1.69899865376e+33
3.29574455423	1131	219.866105425	1.69899865376e+33
3.29164772683	1132	219.866105425	1.69899865376e+33
3.28755085003	1133	219.866105425	1.69899865376e+33
3.2834539239	1134	219.866105425	1.69899865376e+33
3.27935694848	1135	219.866105425	1.69899865376e+33
3.27525992383	1136	219.866105425	1.69899865376e+33
3.27116284999	1137	219.866105425	1.69899865376e+33
3.26706572704	1138	219.866105425	1.69899865376e+33
3.26296855501	1139	219.866105425	1.69899865376e+33
3.25887133397	1140	219.866105425	1.69899865376e+33
3.25477406396	1141	219.866105425	1.69899865376e+33
3.25067674505	1142	219.866105425	1.69899865376e+33
3.24657937728	1143	219.866105425	1.69899865376e+33
3.24248196071	1144	219.866105425	1.69899865376e+33
3.23838449539	1145	219.866105425	1.69899865376e+33
3.23428698139	1146	219.866105425	1.69899865376e+33
3.23018941875	1147	219.866105425	1.69899865376e+33
3.22609180754	1148	219.866105425	1.69899865376e+33
3.2219941478	1149	219.866105425	1.69899865376e+33
3.21789643959	1150	219.866105425	1.69899865376e+33
3.21379868296	1151	219.866105425	1.69899865376e+33
3.20970087798	1152	219.866105425	1.69899865376e+33
3.2056030247	1153	219.866105425	1.69899865376e+33
3.20150512318	1154	219.866105425	1.69899865376e+33
3.19740717347	1155	219.866105425	1.69899865376e+33
3.19330917562	1156	219.866105425	1.69899865376e+33
3.1892111297	1157	219.866105425	1.69899865376e+33
3.18511303577	1158	219.866105425	1.69899865376e+33
3.18101489387	1159	219.866105425	1.69899865376e+33
3.17691670406	1160	219.866105425	1.69899865376e+33
3.17281846642	1161	219.866105425	1.69899865376e+33
3.16872018098	1162	219.866105425	1.69899865376e+33
3.16462184781	1163	219.866105425	1.69899865376e+33
3.16052346697	1164	219.866105425	1.69899865376e+33
3.15642503851	1165	219.866105425	1.69899865376e+33
3.15232656249	1166	219.866105425	1.69899865376e+33
3.14822803898	1167	219.866105425	1.69899865376e+33
3.14412946802	1168	219.866105425	1.69899865376e+33
3.14003084969	1169	219.866105425	1.69899865376e+33
3.13593218403	1170	219.866105425	1.69899865376e+33
3.1318334711	1171	219.866105425	1.69899865376e+33
3.12773471098	1172	219.866105425	1.69899865376e+33
3.12363590371	1173	219.866105425	1.69899865376e+33
3.11953704935	1174	219.866105425	1.69899865376e+33
3.11543814796	1175	219.866105425	1.69899865376e+33
3.11133919962	1176	219.866105425	1.69899865376e+33
3.10724020436	1177	219.866105425	1.69899865376e+33
3.10314116226	1178	219.866105425	1.69899865376e+33
3.09904207338	1179	219.866105425	1.69899865376e+33
3.09494293777	1180	219.866105425	1.69899865376e+33
3.0908437555	1181	219.866105425	1.69899865376e+33
3.08674452662	1182	219.866105425	1.69899865376e+33
3.0826452512	1183	219.866105425	1.69899865376e+33
3.07854592931	1184	219.866105425	1.69899865376e+33
3.07444656099	1185	219.866105425	1.69899865376e+33
3.07034714632	1186	219.866105425	1.69899865376e+33
3.06624768536	1187	219.866105425	1.69899865376e+33
3.06214817816	1188	219.866105425	1.69899865376e+33
3.05804862479	1189	219.866105425	1.69899865376e+33
3.05394902532	1190	219.866105425	1.69899865376e+33
3.0498493798	1191	219.866105425	1.69899865376e+33
3.0457496883	1192	219.866105425	1.69899865376e+33
3.04164995088	1193	219.866105425	1.69899865376e+33
3.0375501676	1194	219.866105425	1.69899865376e+33
3.03345033853	1195	219.866105425	1.69899865376e+33
3.02935046373	1196	219.866105425	1.69899865376e+33
3.02525054327	1197	219.866105425	1.69899865376e+33
3.0211505772	1198	219.866105425	1.69899865376e+33
3.0170505656	1199	219.866105425	1.69899865376e+33
3.01295050853	1200	219.866105425	1.69899865376e+33
3.00885040605	1201	219.866105425	1.69899865376e+33
3.00475025823	1202	219.866105425	1.69899865376e+33
3.00065006512	1203	219.866105425	1.69899865376e+33
2.99654982681	1204	219.866105425	1.69899865376e+33
2.99244954335	1205	219.866105425	1.69899865376e+33
2.98834921481	1206	219.866105425	1.69899865376e+33
2.98424884125	1207	219.866105425	1.69899865376e+33
2.98014842274	1208	219.866105425	1.69899865376e+33
2.97604795934	1209	219.866105425	1.69899865376e+33
2.97194745114	1210	219.866105425	1.69899865376e+33
2.96784689817	1211	219.866105425	1.69899865376e+33
2.96374630053	1212	219.866105425	1.69899865376e+33
2.95964565827	1213	219.866105425	1.69899865376e+33
2.95554497146	1214	219.866105425	1.69899865376e+33
2.95144424017	1215	219.866105425	1.69899865376e+33
2.94734346446	1216	219.866105425	1.69899865376e+33
2.94324264441	1217	219.866105425	1.69899865376e+33
2.93914178007	1218	219.866105425	1.69899865376e+33
2.93504087153	1219	219.866105425	1.69899865376e+33
2.93093991885	1220	219.866105425	1.69899865376e+33
2.92683892209	1221	219.866105425	1.69899865376e+33
2.92273788133	1222	219.866105425	1.69899865376e+33
2.91863679663	1223	219.866105425	1.69899865376e+33
2.91453566807	1224	219.866105425	1.69899865376e+33
2.91043449571	1225	219.866105425	1.69899865376e+33
2.90633327963	1226	219.866105425	1.69899865376e+33
2.90223201989	1227	219.866105425	1.69899865376e+33
2.89813071656	1228	219.866105425	1.69899865376e+33
2.89402936972	1229	219.866105425	1.69899865376e+33
2.88992797943	1230	219.866105425	1.69899865376e+33
2.88582654577	1231	219.866105425	1.69899865376e+33
2.88172506881	1232	219.866105425	1.69899865376e+33
2.87762354861	1233	219.866105425	1.69899865376e+33
2.87352198526	1234	219.866105425	1.69899865376e+33
2.86942037881	1235	219.866105425	1.69899865376e+33
2.86531872935	1236	219.866105425	1.69899865376e+33
2.86121703695	1237	219.866105425	1.69899865376e+33
2.85711530168	1238	219.866105425	1.69899865376e+33
2.8530135236	1239	219.866105425	1.69899865376e+33
2.8489117028	1240	219.866105425	1.69899865376e+33
2.84480983935	1241	219.866105425	1.69899865376e+33
2.84070793332	1242	219.866105425	1.69899865376e+33
2.83660598479	1243	219.866105425	1.69899865376e+33
2.83250399382	1244	219.866105425	1.69899865376e+33
2.8284019605	1245	219.866105425	1.69899865376e+33
2.82429988489	1246	219.866105425	1.69899865376e+33
2.82019776708	1247	219.866105425	1.69899865376e+33
2.81609560713	1248	219.866105425	1.69899865376e+33
2.81199340512	1249	219.866105425	1.69899865376e+33
2.80789116114	1250	219.866105425	1.69899865376e+33
2.80378887524	1251	219.866105425	1.69899865376e+33
2.79968654751	1252	219.866105425	1.69899865376e+33
2.79558417803	1253	219.866105425	1.69899865376e+33
2.79148176687	1254	219.866105425	1.69899865376e+33
2.7873793141	1255	219.866105425	1.69899865376e+33
2.78327681981	1256	219.866105425	1.69899865376e+33
2.77917428407	1257	219.866105425	1.69899865376e+33
2.77507170696	1258	219.866105425	1.69899865376e+33
2.77096908856	1259	219.866105425	1.69899865376e+33
2.76686642894	1260	219.866105425	1.69899865376e+33
2.76276372818	1261	219.866105425	1.69899865376e+33
2.75866098636	1262	219.866105425	1.69899865376e+33
2.75455820357	1263	219.866105425	1.69899865376e+33
2.75045537987	1264	219.866105425	1.69899865376e+33
2.74635251534	1265	219.866105425	1.69899865376e+33
2.74224961008	1266	219.866105425	1.69899865376e+33
2.73814666415	1267	219.866105425	1.69899865376e+33
2.73404367764	1268	219.866105425	1.69899865376e+33
2.72994065062	1269	219.866105425	1.69899865376e+33
2.72583758318	1270	219.866105425	1.69899865376e+33
2.7217344754	1271	219.866105425	1.69899865376e+33
2.71763132736	1272	219.866105425	1.69899865376e+33
2.71352813914	1273	219.866105425	1.69899865376e+33
2.70942491081	1274	219.866105425	1.69899865376e+33
2.70532164248	1275	219.866105425	1.69899865376e+33
2.7012183342	1276	219.866105425	1.69899865376e+33
2.69711498608	1277	219.866105425	1.69899865376e+33
2.69301159818	1278	219.866105425	1.69899865376e+33
2.6889081706	1279	219.866105425	1.69899865376e+33
2.68480470342	1280	219.866105425	1.69899865376e+33
2.68070119672	1281	219.866105425	1.69899865376e+33
2.67659765058	1282	219.866105425	1.69899865376e+33
2.67249406508	1283	219.866105425	1.69899865376e+33
2.66839044032	1284	219.866105425	1.69899865376e+33
2.66428677638	1285	219.866105425	1.69899865376e+33
2.66018307334	1286	219.866105425	1.69899865376e+33
2.65607933128	1287	219.866105425	1.69899865376e+33
2.6519755503	1288	219.866105425	1.69899865376e+33
2.64787173048	1289	219.866105425	1.69899865376e+33
2.6437678719	1290	219.866105425	1.69899865376e+33
2.63966397465	1291	219.866105425	1.69899865376e+33
2.63556003882	1292	219.866105425	1.69899865376e+33
2.63145606449	1293	219.866105425	1.69899865376e+33
2.62735205175	1294	219.866105425	1.69899865376e+33
2.6232480007	1295	219.866105425	1.69899865376e+33
2.61914391141	1296	219.866105425	1.69899865376e+33
2.61503978397	1297	219.866105425	1.69899865376e+33
2.61093561848	1298	219.866105425	1.69899865376e+33
2.60683141503	1299	219.866105425	1.69899865376e+33
2.60272717369	1300	219.866105425	1.69899865376e+33
2.59862289457	1301	219.866105425	1.69899865376e+33
2.59451857774	1302	219.866105425	1.69899865376e+33
2.59041422331	1303	219.866105425	1.69899865376e+33
2.58630983136	1304	219.866105425	1.69899865376e+33
2.58220540197	1305	219.866105425	1.69899865376e+33
2.57810093526	1306	219.866105425	1.69899865376e+33
2.57399643129	1307	219.866105425	1.69899865376e+33
2.56989189018	1308	219.866105425	1.69899865376e+33
2.565787312	1309	219.866105425	1.69899865376e+33
2.56168269685	1310	219.866105425	1.69899865376e+33
2.55757804482	1311	219.866105425	1.69899865376e+33
2.55347335601	1312	219.866105425	1.69899865376e+33
2.5493686305	1313	219.866105425	1.69899865376e+33
2.5452638684	1314	219.866105425	1.69899865376e+33
2.5411590698	1315	219.866105425	1.69899865376e+33
2.53705423478	1316	219.866105425	1.69899865376e+33
2.53294936345	1317	219.866105425	1.69899865376e+33
2.5288444559	1318	219.866105425	1.69899865376e+33
2.52473951223	1319	219.866105425	1.69899865376e+33
2.52063453253	1320	219.866105425	1.69899865376e+33
2.51652951689	1321	219.866105425	1.69899865376e+33
2.51242446542	1322	219.866105425	1.69899865376e+33
2.5083193782	1323	219.866105425	1.69899865376e+33
2.50421425535	1324	219.866105425	1.69899865376e+33
2.50010909694	1325	219.866105425	1.69899865376e+33
2.49600390309	1326	219.866105425	1.69899865376e+33
2.49189867389	1327	219.866105425	1.69899865376e+33
2.48779340944	1328	219.866105425	1.69899865376e+33
2.48368810984	1329	219.866105425	1.69899865376e+33
2.47958277518	1330	219.866105425	1.69899865376e+33
2.47547740556	1331	219.866105425	1.69899865376e+33
2.47137200109	1332	219.866105425	1.69899865376e+33
2.46726656187	1333	219.866105425	1.69899865376e+33
2.46316108799	1334	219.866105425	1.69899865376e+33
2.45905557956	1335	219.866105425	1.69899865376e+33
2.45495003668	1336	219.866105425	1.69899865376e+33
2.45084445945	1337	219.866105425	1.69899865376e+33
2.44673884797	1338	219.866105425	1.69899865376e+33
2.44263320235	1339	219.866105425	1.69899865376e+33
2.43852752268	1340	219.866105425	1.69899865376e+33
2.43442180908	1341	219.866105425	1.69899865376e+33
2.43031606164	1342	219.866105425	1.69899865376e+33
2.42621028046	1343	219.866105425	1.69899865376e+33
2.42210446566	1344	219.866105425	1.69899865376e+33
2.41799861734	1345	219.866105425	1.69899865376e+33
2.4138927356	1346	219.866105425	1.69899865376e+33
2.40978682054	1347	219.866105425	1.69899865376e+33
2.40568087228	1348	219.866105425	1.69899865376e+33
2.40157489092	1349	219.866105425	1.69899865376e+33
2.39746887657	1350	219.866105425	1.69899865376e+33
2.39336282933	1351	219.866105425	1.69899865376e+33
2.38925674931	1352	219.866105425	1.69899865376e+33
2.38515063663	1353	219.866105425	1.69899865376e+33
2.38104449138	1354	219.866105425	1.69899865376e+33
2.37693831367	1355	219.866105425	1.69899865376e+33
2.37283210362	1356	219.866105425	1.69899865376e+33
2.36872586134	1357	219.866105425	1.69899865376e+33
2.36461958693	1358	219.866105425	1.69899865376e+33
2.36051328051	1359	219.866105425	1.69899865376e+33
2.35640694218	1360	219.866105425	1.69899865376e+33
2.35230057206	1361	219.866105425	1.69899865376e+33
2.34819417026	1362	219.866105425	1.69899865376e+33
2.3440877369	1363	219.866105425	1.69899865376e+33
2.33998127207	1364	219.866105425	1.69899865376e+33
2.3358747759	1365	219.866105425	1.69899865376e+33
2.3317682485	1366	219.866105425	1.69899865376e+33
2.32766168999	1367	219.866105425	1.69899865376e+33
2.32355510048	1368	219.866105425	1.69899865376e+33
2.31944848007	1369	219.866105425	1.69899865376e+33
2.3153418289	1370	219.866105425	1.69899865376e+33
2.31123514707	1371	219.866105425	1.69899865376e+33
2.3071284347	1372	219.866105425	1.69899865376e+33
2.3030216919	1373	219.866105425	1.69899865376e+33
2.2989149188	1374	219.866105425	1.69899865376e+33
2.29480811551	1375	219.866105425	1.69899865376e+33
2.29070128215	1376	219.866105425	1.69899865376e+33
2.28659441883	1377	219.866105425	1.69899865376e+33
2.28248752568	1378	219.866105425	1.69899865376e+33
2.27838060282	1379	219.866105425	1.69899865376e+33
2.27427365036	1380	219.866105425	1.69899865376e+33
2.27016666842	1381	219.866105425	1.69899865376e+33
2.26605965713	1382	219.866105425	1.69899865376e+33
2.26195261661	1383	219.866105425	1.69899865376e+33
2.25784554698	1384	219.866105425	1.69899865376e+33
2.25373844835	1385	219.866105425	1.69899865376e+33
2.24963132086	1386	219.866105425	1.69899865376e+33
2.24552416463	1387	219.866105425	1.69899865376e+33
2.24141697977	1388	219.866105425	1.69899865376e+33
2.23730976642	1389	219.866105425	1.69899865376e+33
2.2332025247	1390	219.866105425	1.69899865376e+33
2.22909525473	1391	219.866105425	1.69899865376e+33
2.22498795664	1392	219.866105425	1.69899865376e+33
2.22088063056	1393	219.866105425	1.69899865376e+33
2.21677327661	1394	219.866105425	1.69899865376e+33
2.21266589491	1395	219.866105425	1.69899865376e+33
2.20855848561	1396	219.866105425	1.69899865376e+33
2.20445104881	1397	219.866105425	1.69899865376e+33
2.20034358467	1398	219.866105425	1.69899865376e+33
2.19623609329	1399	219.866105425	1.69899865376e+33
2.19212857482	1400	219.866105425	1.69899865376e+33
2.18802102938	1401	219.866105425	1.69899865376e+33
2.1839134571	1402	219.866105425	1.69899865376e+33
2.17980585812	1403	219.866105425	1.69899865376e+33
2.17569823257	1404	219.866105425	1.69899865376e+33
2.17159058057	1405	219.866105425	1.69899865376e+33
2.16748290227	1406	219.866105425	1.69899865376e+33
2.16337519779	1407	219.866105425	1.69899865376e+33
2.15926746728	1408	219.866105425	1.69899865376e+33
2.15515971085	1409	219.866105425	1.69899865376e+33
2.15105192866	1410	219.866105425	1.69899865376e+33
2.14694412083	1411	219.866105425	1.69899865376e+33
2.14283628751	1412	219.866105425	1.69899865376e+33
2.13872842882	1413	219.866105425	1.69899865376e+33
2.13462054491	1414	219.866105425	1.69899865376e+33
2.13051263591	1415	219.866105425	1.69899865376e+33
2.12640470196	1416	219.866105425	1.69899865376e+33
2.12229674321	1417	219.866105425	1.69899865376e+33
2.11818875979	1418	219.866105425	1.69899865376e+33
2.11408075184	1419	219.866105425	1.69899865376e+33
2.1099727195	1420	219.866105425	1.69899865376e+33
2.10586466292	1421	219.866105425	1.69899865376e+33
2.10175658223	1422	219.866105425	1.69899865376e+33
2.09764847759	1423	219.866105425	1.69899865376e+33
2.09354034913	1424	219.866105425	1.69899865376e+33
2.08943219699	1425	219.866105425	1.69899865376e+33
2.08532402132	1426	219.866105425	1.69899865376e+33
2.08121582228	1427	219.866105425	1.69899865376e+33
2.07710759999	1428	219.866105425	1.69899865376e+33
2.07299935461	1429	219.866105425	1.69899865376e+33
2.06889108629	1430	219.866105425	1.69899865376e+33
2.06478279518	1431	219.866105425	1.69899865376e+33
2.06067448141	1432	219.866105425	1.69899865376e+33
2.05656614515	1433	219.866105425	1.69899865376e+33
2.05245778654	1434	219.866105425	1.69899865376e+33
2.04834940573	1435	219.866105425	1.69899865376e+33
2.04424100287	1436	219.866105425	1.69899865376e+33
2.04013257812	1437	219.866105425	1.69899865376e+33
2.03602413162	1438	219.866105425	1.69899865376e+33
2.03191566353	1439	219.866105425	1.69899865376e+33
2.02780717401	1440	219.866105425	1.69899865376e+33
2.0236986632	1441	219.866105425	1.69899865376e+33
2.01959013126	1442	219.866105425	1.69899865376e+33
2.01548157836	1443	219.866105425	1.69899865376e+33
2.01137300463	1444	219.866105425	1.69899865376e+33
2.00726441025	1445	219.866105425	1.69899865376e+33
2.00315579537	1446	219.866105425	1.69899865376e+33
1.99904716015	1447	219.866105425	1.69899865376e+33
1.99493850474	1448	219.866105425	1.69899865376e+33
1.99082982931	1449	219.866105425	1.69899865376e+33
1.98672113402	1450	219.866105425	1.69899865376e+33
1.98261241903	1451	219.866105425	1.69899865376e+33
1.97850368449	1452	219.866105425	1.69899865376e+33
1.97439493059	1453	219.866105425	1.69899865376e+33
1.97028615747	1454	219.866105425	1.69899865376e+33
1.9661773653	1455	219.866105425	1.69899865376e+33
1.96206855424	1456	219.866105425	1.69899865376e+33
1.95795972448	1457	219.866105425	1.69899865376e+33
1.95385087615	1458	219.866105425	1.69899865376e+33
1.94974200945	1459	219.866105425	1.69899865376e+33
1.94563312453	1460	219.866105425	1.69899865376e+33
1.94152422157	1461	219.866105425	1.69899865376e+33
1.93741530072	1462	219.866105425	1.69899865376e+33
1.93330636217	1463	219.866105425	1.69899865376e+33
1.92919740609	1464	219.866105425	1.69899865376e+33
1.92508843264	1465	219.866105425	1.69899865376e+33
1.920979442	1466	219.866105425	1.69899865376e+33
1.91687043434	1467	219.866105425	1.69899865376e+33
1.91276140984	1468	219.866105425	1.69899865376e+33
1.90865236868	1469	219.866105425	1.69899865376e+33
1.90454331102	1470	219.866105425	1.69899865376e+33
1.90043423705	1471	219.866105425	1.69899865376e+33
1.89632514694	1472	219.866105425	1.69899865376e+33
1.89221604087	1473	219.866105425	1.69899865376e+33
1.88810691902	1474	219.866105425	1.69899865376e+33
1.88399778157	1475	219.866105425	1.69899865376e+33
1.87988862871	1476	219.866105425	1.69899865376e+33
1.87577946061	1477	219.866105425	1.69899865376e+33
1.87167027745	1478	219.866105425	1.69899865376e+33
1.86756107943	1479	219.866105425	1.69899865376e+33
1.86345186672	1480	219.866105425	1.69899865376e+33
1.85934263951	1481	219.866105425	1.69899865376e+33
1.85523339799	1482	219.866105425	1.69899865376e+33
1.85112414235	1483	219.866105425	1.69899865376e+33
1.84701487276	1484	219.866105425	1.69899865376e+33
1.84290558943	1485	219.866105425	1.69899865376e+33
1.83879629253	1486	219.866105425	1.69899865376e+33
1.83468698227	1487	219.866105425	1.69899865376e+33
1.83057765883	1488	219.866105425	1.69899865376e+33
1.82646832241	1489	219.866105425	1.69899865376e+33
1.82235897319	1490	219.866105425	1.69899865376e+33
1.81824961139	1491	219.866105425	1.69899865376e+33
1.81414023718	1492	219.866105425	1.69899865376e+33
1.81003085076	1493	219.866105425	1.69899865376e+33
1.80592145234	1494	219.866105425	1.69899865376e+33
1.80181204212	1495	219.866105425	1.69899865376e+33
1.79770262028	1496	219.866105425	1.69899865376e+33
1.79359318704	1497	219.866105425	1.69899865376e+33
1.78948374259	1498	219.866105425	1.69899865376e+33
1.78537428714	1499	219.866105425	1.69899865376e+33
1.78126482088	1500	219.866105425	1.69899865376e+33
1.77715534403	1501	219.866105425	1.69899865376e+33
1.77304585679	1502	219.866105425	1.69899865376e+33
1.76893635936	1503	219.866105425	1.69899865376e+33
1.76482685196	1504	219.866105425	1.69899865376e+33
1.76071733478	1505	219.866105425	1.69899865376e+33
1.75660780805	1506	219.866105425	1.69899865376e+33
1.75249827197	1507	219.866105425	1.69899865376e+33
1.74838872676	1508	219.866105425	1.69899865376e+33
1.74427917262	1509	219.866105425	1.69899865376e+33
1.74016960977	1510	219.866105425	1.69899865376e+33
1.73606003842	1511	219.866105425	1.69899865376e+33
1.7319504588	1512	219.866105425	1.69899865376e+33
1.72784087112	1513	219.866105425	1.69899865376e+33
1.72373127559	1514	219.866105425	1.69899865376e+33
1.71962167244	1515	219.866105425	1.69899865376e+33
1.71551206189	1516	219.866105425	1.69899865376e+33
1.71140244415	1517	219.866105425	1.69899865376e+33
1.70729281946	1518	219.866105425	1.69899865376e+33
1.70318318803	1519	219.866105425	1.69899865376e+33
1.6990735501	1520	219.866105425	1.69899865376e+33
1.69496390588	1521	219.866105425	1.69899865376e+33
1.6908542556	1522	219.866105425	1.69899865376e+33
1.6867445995	1523	219.866105425	1.69899865376e+33
1.68263493781	1524	219.866105425	1.69899865376e+33
1.67852527075	1525	219.866105425	1.69899865376e+33
1.67441559855	1526	219.866105425	1.69899865376e+33
1.67030592146	1527	219.866105425	1.69899865376e+33
1.6661962397	1528	219.866105425	1.69899865376e+33
1.66208655352	1529	219.866105425	1.69899865376e+33
1.65797686314	1530	219.866105425	1.69899865376e+33
1.65386716881	1531	219.866105425	1.69899865376e+33
1.64975747077	1532	219.866105425	1.69899865376e+33
1.64564776926	1533	219.866105425	1.69899865376e+33
1.64153806452	1534	219.866105425	1.69899865376e+33
1.6374283568	1535	219.866105425	1.69899865376e+33
1.63331864634	1536	219.866105425	1.69899865376e+33
1.62920893339	1537	219.866105425	1.69899865376e+33
1.62509921819	1538	219.866105425	1.69899865376e+33
1.620989501	1539	219.866105425	1.69899865376e+33
1.61687978206	1540	219.866105425	1.69899865376e+33
1.61277006163	1541	219.866105425	1.69899865376e+33
1.60866033996	1542	219.866105425	1.69899865376e+33
1.6045506173	1543	219.866105425	1.69899865376e+33
1.60044089392	1544	219.866105425	1.69899865376e+33
1.59633117007	1545	219.866105425	1.69899865376e+33
1.592221446	1546	219.866105425	1.69899865376e+33
1.58811172199	1547	219.866105425	1.69899865376e+33
1.58400199828	1548	219.866105425	1.69899865376e+33
1.57989227515	1549	219.866105425	1.69899865376e+33
1.57578255286	1550	219.866105425	1.69899865376e+33
1.57167283168	1551	219.866105425	1.69899865376e+33
1.56756311186	1552	219.866105425	1.69899865376e+33
1.56345339369	1553	219.866105425	1.69899865376e+33
1.55934367744	1554	219.866105425	1.69899865376e+33
1.55523396337	1555	219.866105425	1.69899865376e+33
1.55112425176	1556	219.866105425	1.69899865376e+33
1.54701454289	1557	219.866105425	1.69899865376e+33
1.54290483703	1558	219.866105425	1.69899865376e+33
1.53879513446	1559	219.866105425	1.69899865376e+33
1.53468543546	1560	219.866105425	1.69899865376e+33
1.53057574032	1561	219.866105425	1.69899865376e+33
1.52646604932	1562	219.866105425	1.69899865376e+33
1.52235636274	1563	219.866105425	1.69899865376e+33
1.51824668087	1564	219.866105425	1.69899865376e+33
1.51413700399	1565	219.866105425	1.69899865376e+33
1.51002733241	1566	219.866105425	1.69899865376e+33
1.50591766641	1567	219.866105425	1.69899865376e+33
1.50180800629	1568	219.866105425	1.69899865376e+33
1.49769835233	1569	219.866105425	1.69899865376e+33
1.49358870484	1570	219.866105425	1.69899865376e+33
1.48947906412	1571	219.866105425	1.69899865376e+33
1.48536943047	1572	219.866105425	1.69899865376e+33
1.48125980419	1573	219.866105425	1.69899865376e+33
1.47715018558	1574	219.866105425	1.69899865376e+33
1.47304057495	1575	219.866105425	1.69899865376e+33
1.46893097261	1576	219.866105425	1.69899865376e+33
1.46482137887	1577	219.866105425	1.69899865376e+33
1.46071179404	1578	219.866105425	1.69899865376e+33
1.45660221844	1579	219.866105425	1.69899865376e+33
1.45249265237	1580	219.866105425	1.69899865376e+33
1.44838309617	1581	219.866105425	1.69899865376e+33
1.44427355014	1582	219.866105425	1.69899865376e+33
1.4401640146	1583	219.866105425	1.69899865376e+33
1.43605448989	1584	219.866105425	1.69899865376e+33
1.43194497633	1585	219.866105425	1.69899865376e+33
1.42783547425	1586	219.866105425	1.69899865376e+33
1.42372598396	1587	219.866105425	1.69899865376e+33
1.41961650582	1588	219.866105425	1.69899865376e+33
1.41550704014	1589	219.866105425	1.69899865376e+33
1.41139758727	1590	219.866105425	1.69899865376e+33
1.40728814754	1591	219.866105425	1.69899865376e+33
1.40317872129	1592	219.866105425	1.69899865376e+33
1.39906930887	1593	219.866105425	1.69899865376e+33
1.39495991062	1594	219.866105425	1.69899865376e+33
1.39085052688	1595	219.866105425	1.69899865376e+33
1.38674115801	1596	219.866105425	1.69899865376e+33
1.38263180436	1597	219.866105425	1.69899865376e+33
1.37852246627	1598	219.866105425	1.69899865376e+33
1.37441314411	1599	219.866105425	1.69899865376e+33
1.37030383822	1600	219.866105425	1.69899865376e+33
1.36619454898	1601	219.866105425	1.69899865376e+33
1.36208527675	1602	219.866105425	1.69899865376e+33
1.35797602188	1603	219.866105425	1.69899865376e+33
1.35386678475	1604	219.866105425	1.69899865376e+33
1.34975756572	1605	219.866105425	1.69899865376e+33
1.34564836517	1606	219.866105425	1.69899865376e+33
1.34153918348	1607	219.866105425	1.69899865376e+33
1.33743002101	1608	219.866105425	1.69899865376e+33
1.33332087815	1609	219.866105425	1.69899865376e+33
1.32921175528	1610	219.866105425	1.69899865376e+33
1.32510265278	1611	219.866105425	1.69899865376e+33
1.32099357105	1612	219.866105425	1.69899865376e+33
1.31688451046	1613	219.866105425	1.69899865376e+33
1.31277547142	1614	219.866105425	1.69899865376e+33
1.30866645432	1615	219.866105425	1.69899865376e+33
1.30455745955	1616	219.866105425	1.69899865376e+33
1.30044848752	1617	219.866105425	1.69899865376e+33
1.29633953862	1618	219.866105425	1.69899865376e+33
1.29223061327	1619	219.866105425	1.69899865376e+33
1.28812171188	1620	219.866105425	1.69899865376e+33
1.28401283484	1621	219.866105425	1.69899865376e+33
1.27990398259	1622	219.866105425	1.69899865376e+33
1.27579515553	1623	219.866105425	1.69899865376e+33
1.27168635409	1624	219.866105425	1.69899865376e+33
1.26757757869	1625	219.866105425	1.69899865376e+33
1.26346882975	1626	219.866105425	1.69899865376e+33
1.2593601077	1627	219.866105425	1.69899865376e+33
1.25525141298	1628	219.866105425	1.69899865376e+33
1.25114274602	1629	219.866105425	1.69899865376e+33
1.24703410725	1630	219.866105425	1.69899865376e+33
1.24292549713	1631	219.866105425	1.69899865376e+33
1.23881691608	1632	219.866105425	1.69899865376e+33
1.23470836457	1633	219.866105425	1.69899865376e+33
1.23059984304	1634	219.866105425	1.69899865376e+33
1.22649135194	1635	219.866105425	1.69899865376e+33
1.22238289174	1636	219.866105425	1.69899865376e+33
1.21827446289	1637	219.866105425	1.69899865376e+33
1.21416606585	1638	219.866105425	1.69899865376e+33
1.2100577011	1639	219.866105425	1.69899865376e+33
1.2059493691	1640	219.866105425	1.69899865376e+33
1.20184107033	1641	219.866105425	1.69899865376e+33
1.19773280527	1642	219.866105425	1.69899865376e+33
1.19362457439	1643	219.866105425	1.69899865376e+33
1.18951637819	1644	219.866105425	1.69899865376e+33
1.18540821714	1645	219.866105425	1.69899865376e+33
1.18130009175	1646	219.866105425	1.69899865376e+33
1.1771920025	1647	219.866105425	1.69899865376e+33
1.1730839499	1648	219.866105425	1.69899865376e+33
1.16897593445	1649	219.866105425	1.69899865376e+33
1.16486795666	1650	219.866105425	1.69899865376e+33
1.16076001704	1651	219.866105425	1.69899865376e+33
1.1566521161	1652	219.866105425	1.69899865376e+33
1.15254425436	1653	219.866105425	1.69899865376e+33
1.14843643234	1654	219.866105425	1.69899865376e+33
1.14432865058	1655	219.866105425	1.69899865376e+33
1.14022090959	1656	219.866105425	1.69899865376e+33
1.13611320993	1657	219.866105425	1.69899865376e+33
1.13200555212	1658	219.866105425	1.69899865376e+33
1.1278979367	1659	219.866105425	1.69899865376e+33
1.12379036424	1660	219.866105425	1.69899865376e+33
1.11968283527	1661	219.866105425	1.69899865376e+33
1.11557535036	1662	219.866105425	1.69899865376e+33
1.11146791006	1663	219.866105425	1.69899865376e+33
1.10736051495	1664	219.866105425	1.69899865376e+33
1.10325316558	1665	219.866105425	1.69899865376e+33
1.09914586254	1666	219.866105425	1.69899865376e+33
1.0950386064	1667	219.866105425	1.69899865376e+33
1.09093139775	1668	219.866105425	1.69899865376e+33
1.08682423717	1669	219.866105425	1.69899865376e+33
1.08271712527	1670	219.866105425	1.69899865376e+33
1.07861006263	1671	219.866105425	1.69899865376e+33
1.07450304986	1672	219.866105425	1.69899865376e+33
1.07039608757	1673	219.866105425	1.69899865376e+33
1.06628917637	1674	219.866105425	1.69899865376e+33
1.06218231687	1675	219.866105425	1.69899865376e+33
1.05807550971	1676	219.866105425	1.69899865376e+33
1.05396875551	1677	219.866105425	1.69899865376e+33
1.04986205491	1678	219.866105425	1.69899865376e+33
1.04575540853	1679	219.866105425	1.69899865376e+33
1.04164881704	1680	219.866105425	1.69899865376e+33
1.03754228107	1681	219.866105425	1.69899865376e+33
1.03343580128	1682	219.866105425	1.69899865376e+33
1.02932937835	1683	219.866105425	1.69899865376e+33
1.02522301292	1684	219.866105425	1.69899865376e+33
1.02111670567	1685	219.866105425	1.69899865376e+33
1.01701045729	1686	219.866105425	1.69899865376e+33
1.01290426846	1687	219.866105425	1.69899865376e+33
1.00879813986	1688	219.866105425	1.69899865376e+33
1.0046920722	1689	219.866105425	1.69899865376e+33
1.00058606617	1690	219.866105425	1.69899865376e+33
0.996480122493	1691	219.866105425	1.69899865376e+33
0.992374241874	1692	219.866105425	1.69899865376e+33
0.988268425037	1693	219.866105425	1.69899865376e+33
0.984162672712	1694	219.866105425	1.69899865376e+33
0.980056985631	1695	219.866105425	1.69899865376e+33
0.975951364538	1696	219.866105425	1.69899865376e+33
0.971845810179	1697	219.866105425	1.69899865376e+33
0.96774032331	1698	219.866105425	1.69899865376e+33
0.963634904693	1699	219.866105425	1.69899865376e+33
0.959529555096	1700	219.866105425	1.69899865376e+33
0.955424275295	1701	219.866105425	1.69899865376e+33
0.951319066075	1702	219.866105425	1.69899865376e+33
0.947213928224	1703	219.866105425	1.69899865376e+33
0.943108862542	1704	219.866105425	1.69899865376e+33
0.939003869833	1705	219.866105425	1.69899865376e+33
0.934898950911	1706	219.866105425	1.69899865376e+33
0.930794106596	1707	219.866105425	1.69899865376e+33
0.926689337717	1708	219.866105425	1.69899865376e+33
0.922584645111	1709	219.866105425	1.69899865376e+33
0.918480029623	1710	219.866105425	1.69899865376e+33
0.914375492104	1711	219.866105425	1.69899865376e+33
0.910271033417	1712	219.866105425	1.69899865376e+33
0.906166654431	1713	219.866105425	1.69899865376e+33
0.902062356023	1714	219.866105425	1.69899865376e+33
0.897958139081	1715	219.866105425	1.69899865376e+33
0.8938540045	1716	219.866105425	1.69899865376e+33
0.889749953184	1717	219.866105425	1.69899865376e+33
0.885645986047	1718	219.866105425	1.69899865376e+33
0.881542104012	1719	219.866105425	1.69899865376e+33
0.87743830801	1720	219.866105425	1.69899865376e+33
0.873334598983	1721	219.866105425	1.69899865376e+33
0.869230977881	1722	219.866105425	1.69899865376e+33
0.865127445666	1723	219.866105425	1.69899865376e+33
0.861024003307	1724	219.866105425	1.69899865376e+33
0.856920651786	1725	219.866105425	1.69899865376e+33
0.852817392093	1726	219.866105425	1.69899865376e+33
0.84871422523	1727	219.866105425	1.69899865376e+33
0.844611152207	1728	219.866105425	1.69899865376e+33
0.840508174048	1729	219.866105425	1.69899865376e+33
0.836405291785	1730	219.866105425	1.69899865376e+33
0.832302506463	1731	219.866105425	1.69899865376e+33
0.828199819136	1732	219.866105425	1.69899865376e+33
0.824097230871	1733	219.866105425	1.69899865376e+33
0.819994742747	1734	219.866105425	1.69899865376e+33
0.815892355853	1735	219.866105425	1.69899865376e+33
0.811790071291	1736	219.866105425	1.69899865376e+33
0.807687890175	1737	219.866105425	1.69899865376e+33
0.803585813631	1738	219.866105425	1.69899865376e+33
0.799483842797	1739	219.866105425	1.69899865376e+33
0.795381978826	1740	219.866105425	1.69899865376e+33
0.79128022288	1741	219.866105425	1.69899865376e+33
0.787178576138	1742	219.866105425	1.69899865376e+33
0.783077039789	1743	219.866105425	1.69899865376e+33
0.778975615039	1744	219.866105425	1.69899865376e+33
0.774874303105	1745	219.866105425	1.69899865376e+33
0.770773105219	1746	219.866105425	1.69899865376e+33
0.766672022628	1747	219.866105425	1.69899865376e+33
0.762571056592	1748	219.866105425	1.69899865376e+33
0.758470208386	1749	219.866105425	1.69899865376e+33
0.754369479302	1750	219.866105425	1.69899865376e+33
0.750268870644	1751	219.866105425	1.69899865376e+33
0.746168383735	1752	219.866105425	1.69899865376e+33
0.742068019911	1753	219.866105425	1.69899865376e+33
0.737967780525	1754	219.866105425	1.69899865376e+33
0.733867666948	1755	219.866105425	1.69899865376e+33
0.729767680564	1756	219.866105425	1.69899865376e+33
0.725667822779	1757	219.866105425	1.69899865376e+33
0.721568095011	1758	219.866105425	1.69899865376e+33
0.717468498699	1759	219.866105425	1.69899865376e+33
0.713369035299	1760	219.866105425	1.69899865376e+33
0.709269706285	1761	219.866105425	1.69899865376e+33
0.70517051315	1762	219.866105425	1.69899865376e+33
0.701071457405	1763	219.866105425	1.69899865376e+33
0.696972540582	1764	219.866105425	1.69899865376e+33
0.692873764231	1765	219.866105425	1.69899865376e+33
0.688775129923	1766	219.866105425	1.69899865376e+33
0.684676639248	1767	219.866105425	1.69899865376e+33
0.680578293819	1768	219.866105425	1.69899865376e+33
0.676480095268	1769	219.866105425	1.69899865376e+33
0.67238204525	1770	219.866105425	1.69899865376e+33
0.668284145442	1771	219.866105425	1.69899865376e+33
0.664186397542	1772	219.866105425	1.69899865376e+33
0.660088803274	1773	219.866105425	1.69899865376e+33
0.655991364381	1774	219.866105425	1.69899865376e+33
0.651894082633	1775	219.866105425	1.69899865376e+33
0.647796959824	1776	219.866105425	1.69899865376e+33
0.643699997772	1777	219.866105425	1.69899865376e+33
0.639603198321	1778	219.866105425	1.69899865376e+33
0.635506563339	1779	219.866105425	1.69899865376e+33
0.631410094724	1780	219.866105425	1.69899865376e+33
0.627313794396	1781	219.866105425	1.69899865376e+33
0.623217664308	1782	219.866105425	1.69899865376e+33
0.619121706436	1783	219.866105425	1.69899865376e+33
0.615025922789	1784	219.866105425	1.69899865376e+33
0.610930315402	1785	219.866105425	1.69899865376e+33
0.606834886341	1786	219.866105425	1.69899865376e+33
0.602739637704	1787	219.866105425	1.69899865376e+33
0.598644571618	1788	219.866105425	1.69899865376e+33
0.594549690243	1789	219.866105425	1.69899865376e+33
0.590454995772	1790	219.866105425	1.69899865376e+33
0.58636049043	1791	219.866105425	1.69899865376e+33
0.582266176479	1792	219.866105425	1.69899865376e+33
0.578172056212	1793	219.866105425	1.69899865376e+33
0.57407813196	1794	219.866105425	1.69899865376e+33
0.569984406091	1795	219.866105425	1.69899865376e+33
0.56589088101	1796	219.866105425	1.69899865376e+33
0.561797559158	1797	219.866105425	1.69899865376e+33
0.557704443018	1798	219.866105425	1.69899865376e+33
0.553611535113	1799	219.866105425	1.69899865376e+33
0.549518838005	1800	219.866105425	1.69899865376e+33
0.545426354299	1801	219.866105425	1.69899865376e+33
0.541334086643	1802	219.866105425	1.69899865376e+33
0.537242037731	1803	219.866105425	1.69899865376e+33
0.533150210298	1804	219.866105425	1.69899865376e+33
0.52905860713	1805	219.866105425	1.69899865376e+33
0.524967231057	1806	219.866105425	1.69899865376e+33
0.520876084959	1807	219.866105425	1.69899865376e+33
0.516785171766	1808	219.866105425	1.69899865376e+33
0.51269449446	1809	219.866105425	1.69899865376e+33
0.508604056073	1810	219.866105425	1.69899865376e+33
0.504513859694	1811	219.866105425	1.69899865376e+33
0.500423908465	1812	219.866105425	1.69899865376e+33
0.496334205587	1813	219.866105425	1.69899865376e+33
0.492244754316	1814	219.866105425	1.69899865376e+33
0.488155557971	1815	219.866105425	1.69899865376e+33
0.484066619931	1816	219.866105425	1.69899865376e+33
0.479977943639	1817	219.866105425	1.69899865376e+33
0.475889532603	1818	219.866105425	1.69899865376e+33
0.471801390397	1819	219.866105425	1.69899865376e+33
0.467713520664	1820	219.866105425	1.69899865376e+33
0.463625927118	1821	219.866105425	1.69899865376e+33
0.459538613545	1822	219.866105425	1.69899865376e+33
0.455451583807	1823	219.866105425	1.69899865376e+33
0.451364841842	1824	219.866105425	1.69899865376e+33
0.447278391667	1825	219.866105425	1.69899865376e+33
0.443192237381	1826	219.866105425	1.69899865376e+33
0.439106383169	1827	219.866105425	1.69899865376e+33
0.435020833298	1828	219.866105425	1.69899865376e+33
0.43093559213	1829	219.866105425	1.69899865376e+33
0.426850664115	1830	219.866105425	1.69899865376e+33
0.422766053799	1831	219.866105425	1.69899865376e+33
0.418681765826	1832	219.866105425	1.69899865376e+33
0.414597804942	1833	219.866105425	1.69899865376e+33
0.410514175997	1834	219.866105425	1.69899865376e+33
0.406430883948	1835	219.866105425	1.69899865376e+33
0.402347933864	1836	219.866105425	1.69899865376e+33
0.398265330929	1837	219.866105425	1.69899865376e+33
0.394183080445	1838	219.866105425	1.69899865376e+33
0.390101187839	1839	219.866105425	1.69899865376e+33
0.386019658665	1840	219.866105425	1.69899865376e+33
0.381938498605	1841	219.866105425	1.69899865376e+33
0.377857713483	1842	219.866105425	1.69899865376e+33
0.373777309259	1843	219.866105425	1.69899865376e+33
0.369697292042	1844	219.866105425	1.69899865376e+33
0.365617668093	1845	219.866105425	1.69899865376e+33
0.361538443828	1846	219.866105425	1.69899865376e+33
0.357459625827	1847	219.866105425	1.69899865376e+33
0.35338122084	1848	219.866105425	1.69899865376e+33
0.349303235792	1849	219.866105425	1.69899865376e+33
0.345225677789	1850	219.866105425	1.69899865376e+33
0.341148554129	1851	219.866105425	1.69899865376e+33
0.337071872305	1852	219.866105425	1.69899865376e+33
0.332995640015	1853	219.866105425	1.69899865376e+33
0.328919865172	1854	219.866105425	1.69899865376e+33
0.32484455591	1855	219.866105425	1.69899865376e+33
0.320769720593	1856	219.866105425	1.69899865376e+33
0.316695367828	1857	219.866105425	1.69899865376e+33
0.312621506472	1858	219.866105425	1.69899865376e+33
0.308548145645	1859	219.866105425	1.69899865376e+33
0.30447529474	1860	219.866105425	1.69899865376e+33
0.300402963436	1861	219.866105425	1.69899865376e+33
0.296331161713	1862	219.866105425	1.69899865376e+33
0.29225989986	1863	219.866105425	1.69899865376e+33
0.288189188496	1864	219.866105425	1.69899865376e+33
0.284119038581	1865	219.866105425	1.69899865376e+33
0.280049461435	1866	219.866105425	1.69899865376e+33
0.275980468754	1867	219.866105425	1.69899865376e+33
0.271912072629	1868	219.866105425	1.69899865376e+33
0.267844285565	1869	219.866105425	1.69899865376e+33
0.263777120505	1870	219.866105425	1.69899865376e+33
0.25971059085	1871	219.866105425	1.69899865376e+33
0.255644710481	1872	219.866105425	1.69899865376e+33
0.251579493791	1873	219.866105425	1.69899865376e+33
0.247514955708	1874	219.866105425	1.69899865376e+33
0.243451111725	1875	219.866105425	1.69899865376e+33
0.239387977934	1876	219.866105425	1.69899865376e+33
0.235325571057	1877	219.866105425	1.69899865376e+33
0.231263908487	1878	219.866105425	1.69899865376e+33
0.227203008324	1879	219.866105425	1.69899865376e+33
0.223142889419	1880	219.866105425	1.69899865376e+33
0.219083571423	1881	219.866105425	1.69899865376e+33
0.215025074831	1882	219.866105425	1.69899865376e+33
0.210967421044	1883	219.866105425	1.69899865376e+33
0.20691063242	1884	219.866105425	1.69899865376e+33
0.202854732344	1885	219.866105425	1.69899865376e+33
0.198799745296	1886	219.866105425	1.69899865376e+33
0.194745696927	1887	219.866105425	1.69899865376e+33
0.190692614141	1888	219.866105425	1.69899865376e+33
0.186640525187	1889	219.866105425	1.69899865376e+33
0.182589459758	1890	219.866105425	1.69899865376e+33
0.178539449103	1891	219.866105425	1.69899865376e+33
0.174490526146	1892	219.866105425	1.69899865376e+33
0.170442725618	1893	219.866105425	1.69899865376e+33
0.166396084207	1894	219.866105425	1.69899865376e+33
0.16235064072	1895	219.866105425	1.69899865376e+33
0.158306436265	1896	219.866105425	1.69899865376e+33
0.154263514454	1897	219.866105425	1.69899865376e+33
0.150221921628	1898	219.866105425	1.69899865376e+33
0.146181707113	1899	219.866105425	1.69899865376e+33
0.142142923503	1900	219.866105425	1.69899865376e+33
0.138105626981	1901	219.866105425	1.69899865376e+33
0.134069877685	1902	219.866105425	1.69899865376e+33
0.13003574012	1903	219.866105425	1.69899865376e+33
0.12600328363	1904	219.866105425	1.69899865376e+33
0.121972582932	1905	219.866105425	1.69899865376e+33
0.117943718742	1906	219.866105425	1.69899865376e+33
0.113916778485	1907	219.866105425	1.69899865376e+33
0.109891857125	1908	219.866105425	1.69899865376e+33
0.10586905813	1909	219.866105425	1.69899865376e+33
