6.5	 0	0.45448218166	8.58620259034e+24
6.49993279462	 1	1.50532525778	3.1199066113e+26
6.49971023379	 2	4.9857700617	1.13356723551e+28
6.49897435932	 3	16.5062531032	4.11335363915e+29
6.49658302289	 4	54.3702765956	1.47006038839e+31
6.49001637306	 5	170.307822196	4.51808434995e+32
6.48333500717	 6	170.307822196	4.51808434995e+32
6.47665535065	 7	170.307822196	4.51808434995e+32
6.46997740923	 8	170.307822196	4.51808434995e+32
6.46330118863	 9	170.307822196	4.51808434995e+32
6.45662669458	10	170.307822196	4.51808434995e+32
6.44995393279	11	170.307822196	4.51808434995e+32
6.44328290899	12	170.307822196	4.51808434995e+32
6.4366136289	13	170.307822196	4.51808434995e+32
6.42994609826	14	170.307822196	4.51808434995e+32
6.4232803228	15	170.307822196	4.51808434995e+32
6.41661630823	16	170.307822196	4.51808434995e+32
6.40995406028	17	170.307822196	4.51808434995e+32
6.4032935847	18	170.307822196	4.51808434995e+32
6.3966348872	19	170.307822196	4.51808434995e+32
6.38997797351	20	170.307822196	4.51808434995e+32
6.38332284938	21	170.307822196	4.51808434995e+32
6.37666952052	22	170.307822196	4.51808434995e+32
6.37001799268	23	170.307822196	4.51808434995e+32
6.36336827158	24	170.307822196	4.51808434995e+32
6.35672036295	25	170.307822196	4.51808434995e+32
6.35007427254	26	170.307822196	4.51808434995e+32
6.34343000607	27	170.307822196	4.51808434995e+32
6.33678756929	28	170.307822196	4.51808434995e+32
6.33014696791	29	170.307822196	4.51808434995e+32
6.32350820768	30	170.307822196	4.51808434995e+32
6.31687129434	31	170.307822196	4.51808434995e+32
6.31023623361	32	170.307822196	4.51808434995e+32
6.30360303124	33	170.307822196	4.51808434995e+32
6.29697169296	34	170.307822196	4.51808434995e+32
6.2903422245	35	170.307822196	4.51808434995e+32
6.2837146316	36	170.307822196	4.51808434995e+32
6.27708892	37	170.307822196	4.51808434995e+32
6.27046509543	38	170.307822196	4.51808434995e+32
6.26384316363	39	170.307822196	4.51808434995e+32
6.25722313034	40	170.307822196	4.51808434995e+32
6.25060500128	41	170.307822196	4.51808434995e+32
6.2439887822	42	170.307822196	4.51808434995e+32
6.23737447883	43	170.307822196	4.51808434995e+32
6.2307620969	44	170.307822196	4.51808434995e+32
6.22415164216	45	170.307822196	4.51808434995e+32
6.21754312033	46	170.307822196	4.51808434995e+32
6.21093653715	47	170.307822196	4.51808434995e+32
6.20433189836	48	170.307822196	4.51808434995e+32
6.19772920968	49	170.307822196	4.51808434995e+32
6.19112847686	50	170.307822196	4.51808434995e+32
6.18452970562	51	170.307822196	4.51808434995e+32
6.1779329017	52	170.307822196	4.51808434995e+32
6.17133807083	53	170.307822196	4.51808434995e+32
6.16474521874	54	170.307822196	4.51808434995e+32
6.15815435117	55	170.307822196	4.51808434995e+32
6.15156547384	56	170.307822196	4.51808434995e+32
6.14497859248	57	170.307822196	4.51808434995e+32
6.13839371283	58	170.307822196	4.51808434995e+32
6.13181084061	59	170.307822196	4.51808434995e+32
6.12522998155	60	170.307822196	4.51808434995e+32
6.11865114138	61	170.307822196	4.51808434995e+32
6.11207432582	62	170.307822196	4.51808434995e+32
6.1054995406	63	170.307822196	4.51808434995e+32
6.09892679144	64	170.307822196	4.51808434995e+32
6.09235608408	65	170.307822196	4.51808434995e+32
6.08578742422	66	170.307822196	4.51808434995e+32
6.0792208176	67	170.307822196	4.51808434995e+32
6.07265626994	68	170.307822196	4.51808434995e+32
6.06609378695	69	170.307822196	4.51808434995e+32
6.05953337435	70	170.307822196	4.51808434995e+32
6.05297503787	71	170.307822196	4.51808434995e+32
6.04641878322	72	170.307822196	4.51808434995e+32
6.03986461612	73	170.307822196	4.51808434995e+32
6.03331254227	74	170.307822196	4.51808434995e+32
6.0267625674	75	170.307822196	4.51808434995e+32
6.02021469722	76	170.307822196	4.51808434995e+32
6.01366893743	77	170.307822196	4.51808434995e+32
6.00712529376	78	170.307822196	4.51808434995e+32
6.00058377189	79	170.307822196	4.51808434995e+32
5.99404437756	80	170.307822196	4.51808434995e+32
5.98750711645	81	170.307822196	4.51808434995e+32
5.98097199427	82	170.307822196	4.51808434995e+32
5.97443901673	83	170.307822196	4.51808434995e+32
5.96790818953	84	170.307822196	4.51808434995e+32
5.96137951836	85	170.307822196	4.51808434995e+32
5.95485300893	86	170.307822196	4.51808434995e+32
5.94832866693	87	170.307822196	4.51808434995e+32
5.94180649805	88	170.307822196	4.51808434995e+32
5.935286508	89	170.307822196	4.51808434995e+32
5.92876870246	90	170.307822196	4.51808434995e+32
5.92225308712	91	170.307822196	4.51808434995e+32
5.91573966767	92	170.307822196	4.51808434995e+32
5.9092284498	93	170.307822196	4.51808434995e+32
5.90271943918	94	170.307822196	4.51808434995e+32
5.89621264151	95	170.307822196	4.51808434995e+32
5.88970806246	96	170.307822196	4.51808434995e+32
5.88320570772	97	170.307822196	4.51808434995e+32
5.87670558295	98	170.307822196	4.51808434995e+32
5.87020769384	99	170.307822196	4.51808434995e+32
5.86371204605	100	170.307822196	4.51808434995e+32
5.85721864526	101	170.307822196	4.51808434995e+32
5.85072749714	102	170.307822196	4.51808434995e+32
5.84423860734	103	170.307822196	4.51808434995e+32
5.83775198155	104	170.307822196	4.51808434995e+32
5.83126762541	105	170.307822196	4.51808434995e+32
5.82478554459	106	170.307822196	4.51808434995e+32
5.81830574475	107	170.307822196	4.51808434995e+32
5.81182823154	108	170.307822196	4.51808434995e+32
5.80535301061	109	170.307822196	4.51808434995e+32
5.79888008762	110	170.307822196	4.51808434995e+32
5.79240946821	111	170.307822196	4.51808434995e+32
5.78594115803	112	170.307822196	4.51808434995e+32
5.77947516272	113	170.307822196	4.51808434995e+32
5.77301148792	114	170.307822196	4.51808434995e+32
5.76655013927	115	170.307822196	4.51808434995e+32
5.76009112241	116	170.307822196	4.51808434995e+32
5.75363444296	117	170.307822196	4.51808434995e+32
5.74718010657	118	170.307822196	4.51808434995e+32
5.74072811885	119	170.307822196	4.51808434995e+32
5.73427848543	120	170.307822196	4.51808434995e+32
5.72783121194	121	170.307822196	4.51808434995e+32
5.72138630398	122	170.307822196	4.51808434995e+32
5.71494376719	123	170.307822196	4.51808434995e+32
5.70850360718	124	170.307822196	4.51808434995e+32
5.70206582954	125	170.307822196	4.51808434995e+32
5.6956304399	126	170.307822196	4.51808434995e+32
5.68919744386	127	170.307822196	4.51808434995e+32
5.68276684701	128	170.307822196	4.51808434995e+32
5.67633865497	129	170.307822196	4.51808434995e+32
5.66991287331	130	170.307822196	4.51808434995e+32
5.66348950765	131	170.307822196	4.51808434995e+32
5.65706856356	132	170.307822196	4.51808434995e+32
5.65065004663	133	170.307822196	4.51808434995e+32
5.64423396246	134	170.307822196	4.51808434995e+32
5.63782031661	135	170.307822196	4.51808434995e+32
5.63140911466	136	170.307822196	4.51808434995e+32
5.62500036219	137	170.307822196	4.51808434995e+32
5.61859406477	138	170.307822196	4.51808434995e+32
5.61219022796	139	170.307822196	4.51808434995e+32
5.60578885733	140	170.307822196	4.51808434995e+32
5.59938995844	141	170.307822196	4.51808434995e+32
5.59299353685	142	170.307822196	4.51808434995e+32
5.58659959811	143	170.307822196	4.51808434995e+32
5.58020814776	144	170.307822196	4.51808434995e+32
5.57381919136	145	170.307822196	4.51808434995e+32
5.56743273445	146	170.307822196	4.51808434995e+32
5.56104878256	147	170.307822196	4.51808434995e+32
5.55466734124	148	170.307822196	4.51808434995e+32
5.54828841601	149	170.307822196	4.51808434995e+32
5.5419120124	150	170.307822196	4.51808434995e+32
5.53553813594	151	170.307822196	4.51808434995e+32
5.52916679214	152	170.307822196	4.51808434995e+32
5.52279798653	153	170.307822196	4.51808434995e+32
5.51643172461	154	170.307822196	4.51808434995e+32
5.5100680119	155	170.307822196	4.51808434995e+32
5.5037068539	156	170.307822196	4.51808434995e+32
5.49734825611	157	170.307822196	4.51808434995e+32
5.49099222402	158	170.307822196	4.51808434995e+32
5.48463876314	159	170.307822196	4.51808434995e+32
5.47828787895	160	170.307822196	4.51808434995e+32
5.47193957693	161	170.307822196	4.51808434995e+32
5.46559386257	162	170.307822196	4.51808434995e+32
5.45925074134	163	170.307822196	4.51808434995e+32
5.45291021871	164	170.307822196	4.51808434995e+32
5.44657230016	165	170.307822196	4.51808434995e+32
5.44023699114	166	170.307822196	4.51808434995e+32
5.43390429713	167	170.307822196	4.51808434995e+32
5.42757422356	168	170.307822196	4.51808434995e+32
5.4212467759	169	170.307822196	4.51808434995e+32
5.41492195959	170	170.307822196	4.51808434995e+32
5.40859978007	171	170.307822196	4.51808434995e+32
5.40228024278	172	170.307822196	4.51808434995e+32
5.39596335315	173	170.307822196	4.51808434995e+32
5.38964911662	174	170.307822196	4.51808434995e+32
5.3833375386	175	170.307822196	4.51808434995e+32
5.37702862453	176	170.307822196	4.51808434995e+32
5.3707223798	177	170.307822196	4.51808434995e+32
5.36441880983	178	170.307822196	4.51808434995e+32
5.35811792004	179	170.307822196	4.51808434995e+32
5.35181971581	180	170.307822196	4.51808434995e+32
5.34552420255	181	170.307822196	4.51808434995e+32
5.33923138565	182	170.307822196	4.51808434995e+32
5.3329412705	183	170.307822196	4.51808434995e+32
5.32665386247	184	170.307822196	4.51808434995e+32
5.32036916694	185	170.307822196	4.51808434995e+32
5.31408718929	186	170.307822196	4.51808434995e+32
5.30780793488	187	170.307822196	4.51808434995e+32
5.30153140909	188	170.307822196	4.51808434995e+32
5.29525761725	189	170.307822196	4.51808434995e+32
5.28898656473	190	170.307822196	4.51808434995e+32
5.28271825687	191	170.307822196	4.51808434995e+32
5.27645269902	192	170.307822196	4.51808434995e+32
5.27018989652	193	170.307822196	4.51808434995e+32
5.26392985468	194	170.307822196	4.51808434995e+32
5.25767257885	195	170.307822196	4.51808434995e+32
5.25141807435	196	170.307822196	4.51808434995e+32
5.24516634648	197	170.307822196	4.51808434995e+32
5.23891740056	198	170.307822196	4.51808434995e+32
5.23267124191	199	170.307822196	4.51808434995e+32
5.2264278758	200	170.307822196	4.51808434995e+32
5.22018730756	201	170.307822196	4.51808434995e+32
5.21394954245	202	170.307822196	4.51808434995e+32
5.20771458577	203	170.307822196	4.51808434995e+32
5.20148244279	204	170.307822196	4.51808434995e+32
5.1952531188	205	170.307822196	4.51808434995e+32
5.18902661905	206	170.307822196	4.51808434995e+32
5.18280294881	207	170.307822196	4.51808434995e+32
5.17658211333	208	170.307822196	4.51808434995e+32
5.17036411787	209	170.307822196	4.51808434995e+32
5.16414896767	210	170.307822196	4.51808434995e+32
5.15793666798	211	170.307822196	4.51808434995e+32
5.15172722402	212	170.307822196	4.51808434995e+32
5.14552064102	213	170.307822196	4.51808434995e+32
5.13931692421	214	170.307822196	4.51808434995e+32
5.1331160788	215	170.307822196	4.51808434995e+32
5.12691811001	216	170.307822196	4.51808434995e+32
5.12072302304	217	170.307822196	4.51808434995e+32
5.11453082308	218	170.307822196	4.51808434995e+32
5.10834151534	219	170.307822196	4.51808434995e+32
5.10215510499	220	170.307822196	4.51808434995e+32
5.09597159722	221	170.307822196	4.51808434995e+32
5.08979099721	222	170.307822196	4.51808434995e+32
5.08361331012	223	170.307822196	4.51808434995e+32
5.07743854112	224	170.307822196	4.51808434995e+32
5.07126669537	225	170.307822196	4.51808434995e+32
5.06509777801	226	170.307822196	4.51808434995e+32
5.05893179418	227	170.307822196	4.51808434995e+32
5.05276874904	228	170.307822196	4.51808434995e+32
5.04660864771	229	170.307822196	4.51808434995e+32
5.04045149531	230	170.307822196	4.51808434995e+32
5.03429729697	231	170.307822196	4.51808434995e+32
5.0281460578	232	170.307822196	4.51808434995e+32
5.02199778291	233	170.307822196	4.51808434995e+32
5.0158524774	234	170.307822196	4.51808434995e+32
5.00971014635	235	170.307822196	4.51808434995e+32
5.00357079487	236	170.307822196	4.51808434995e+32
4.99743442803	237	170.307822196	4.51808434995e+32
4.9913010509	238	170.307822196	4.51808434995e+32
4.98517066856	239	170.307822196	4.51808434995e+32
4.97904328607	240	170.307822196	4.51808434995e+32
4.97291890847	241	170.307822196	4.51808434995e+32
4.96679754083	242	170.307822196	4.51808434995e+32
4.96067918818	243	170.307822196	4.51808434995e+32
4.95456385556	244	170.307822196	4.51808434995e+32
4.948451548	245	170.307822196	4.51808434995e+32
4.94234227051	246	170.307822196	4.51808434995e+32
4.93623602812	247	170.307822196	4.51808434995e+32
4.93013282583	248	170.307822196	4.51808434995e+32
4.92403266864	249	170.307822196	4.51808434995e+32
4.91793556155	250	170.307822196	4.51808434995e+32
4.91184150955	251	170.307822196	4.51808434995e+32
4.90575051762	252	170.307822196	4.51808434995e+32
4.89966259073	253	170.307822196	4.51808434995e+32
4.89357773384	254	170.307822196	4.51808434995e+32
4.88749595193	255	170.307822196	4.51808434995e+32
4.88141724994	256	170.307822196	4.51808434995e+32
4.87534163282	257	170.307822196	4.51808434995e+32
4.8692691055	258	170.307822196	4.51808434995e+32
4.86319967293	259	170.307822196	4.51808434995e+32
4.85713334002	260	170.307822196	4.51808434995e+32
4.85107011169	261	170.307822196	4.51808434995e+32
4.84500999286	262	170.307822196	4.51808434995e+32
4.83895298842	263	170.307822196	4.51808434995e+32
4.83289910328	264	170.307822196	4.51808434995e+32
4.82684834231	265	170.307822196	4.51808434995e+32
4.82080071041	266	170.307822196	4.51808434995e+32
4.81475621245	267	170.307822196	4.51808434995e+32
4.80871485329	268	170.307822196	4.51808434995e+32
4.8026766378	269	170.307822196	4.51808434995e+32
4.79664157083	270	170.307822196	4.51808434995e+32
4.79060965721	271	170.307822196	4.51808434995e+32
4.78458090179	272	170.307822196	4.51808434995e+32
4.77855530941	273	170.307822196	4.51808434995e+32
4.77253288487	274	170.307822196	4.51808434995e+32
4.766513633	275	170.307822196	4.51808434995e+32
4.76049755861	276	170.307822196	4.51808434995e+32
4.75448466649	277	170.307822196	4.51808434995e+32
4.74847496143	278	170.307822196	4.51808434995e+32
4.74246844822	279	170.307822196	4.51808434995e+32
4.73646513165	280	170.307822196	4.51808434995e+32
4.73046501646	281	170.307822196	4.51808434995e+32
4.72446810744	282	170.307822196	4.51808434995e+32
4.71847440933	283	170.307822196	4.51808434995e+32
4.71248392688	284	170.307822196	4.51808434995e+32
4.70649666482	285	170.307822196	4.51808434995e+32
4.70051262789	286	170.307822196	4.51808434995e+32
4.69453182081	287	170.307822196	4.51808434995e+32
4.6885542483	288	170.307822196	4.51808434995e+32
4.68257991505	289	170.307822196	4.51808434995e+32
4.67660882578	290	170.307822196	4.51808434995e+32
4.67064098517	291	170.307822196	4.51808434995e+32
4.6646763979	292	170.307822196	4.51808434995e+32
4.65871506866	293	170.307822196	4.51808434995e+32
4.6527570021	294	170.307822196	4.51808434995e+32
4.64680220289	295	170.307822196	4.51808434995e+32
4.64085067568	296	170.307822196	4.51808434995e+32
4.6349024251	297	170.307822196	4.51808434995e+32
4.62895745581	298	170.307822196	4.51808434995e+32
4.62301577241	299	170.307822196	4.51808434995e+32
4.61707737954	300	170.307822196	4.51808434995e+32
4.6111422818	301	170.307822196	4.51808434995e+32
4.60521048379	302	170.307822196	4.51808434995e+32
4.59928199011	303	170.307822196	4.51808434995e+32
4.59335680534	304	170.307822196	4.51808434995e+32
4.58743493407	305	170.307822196	4.51808434995e+32
4.58151638086	306	170.307822196	4.51808434995e+32
4.57560115026	307	170.307822196	4.51808434995e+32
4.56968924685	308	170.307822196	4.51808434995e+32
4.56378067515	309	170.307822196	4.51808434995e+32
4.5578754397	310	170.307822196	4.51808434995e+32
4.55197354504	311	170.307822196	4.51808434995e+32
4.54607499568	312	170.307822196	4.51808434995e+32
4.54017979613	313	170.307822196	4.51808434995e+32
4.53428795089	314	170.307822196	4.51808434995e+32
4.52839946446	315	170.307822196	4.51808434995e+32
4.52251434132	316	170.307822196	4.51808434995e+32
4.51663258595	317	170.307822196	4.51808434995e+32
4.51075293123	318	170.307822196	4.51808434995e+32
4.50487128345	319	170.307822196	4.51808434995e+32
4.4989876366	320	170.307822196	4.51808434995e+32
4.49310198467	321	170.307822196	4.51808434995e+32
4.48721432159	322	170.307822196	4.51808434995e+32
4.48132464128	323	170.307822196	4.51808434995e+32
4.47543293764	324	170.307822196	4.51808434995e+32
4.46953920453	325	170.307822196	4.51808434995e+32
4.46364343579	326	170.307822196	4.51808434995e+32
4.45774562524	327	170.307822196	4.51808434995e+32
4.45184576666	328	170.307822196	4.51808434995e+32
4.44594385382	329	170.307822196	4.51808434995e+32
4.44003988043	330	170.307822196	4.51808434995e+32
4.43413384021	331	170.307822196	4.51808434995e+32
4.42822572682	332	170.307822196	4.51808434995e+32
4.42231553393	333	170.307822196	4.51808434995e+32
4.41640325515	334	170.307822196	4.51808434995e+32
4.41048888407	335	170.307822196	4.51808434995e+32
4.40457241425	336	170.307822196	4.51808434995e+32
4.39865383924	337	170.307822196	4.51808434995e+32
4.39273315253	338	170.307822196	4.51808434995e+32
4.38681034761	339	170.307822196	4.51808434995e+32
4.38088541792	340	170.307822196	4.51808434995e+32
4.37495835688	341	170.307822196	4.51808434995e+32
4.36902915789	342	170.307822196	4.51808434995e+32
4.3630978143	343	170.307822196	4.51808434995e+32
4.35716431945	344	170.307822196	4.51808434995e+32
4.35122866664	345	170.307822196	4.51808434995e+32
4.34529084913	346	170.307822196	4.51808434995e+32
4.33935086018	347	170.307822196	4.51808434995e+32
4.33340869298	348	170.307822196	4.51808434995e+32
4.32746434072	349	170.307822196	4.51808434995e+32
4.32151779655	350	170.307822196	4.51808434995e+32
4.31556905358	351	170.307822196	4.51808434995e+32
4.30961810491	352	170.307822196	4.51808434995e+32
4.30366494359	353	170.307822196	4.51808434995e+32
4.29770956264	354	170.307822196	4.51808434995e+32
4.29175195506	355	170.307822196	4.51808434995e+32
4.2857921138	356	170.307822196	4.51808434995e+32
4.2798300318	357	170.307822196	4.51808434995e+32
4.27386570194	358	170.307822196	4.51808434995e+32
4.2678991171	359	170.307822196	4.51808434995e+32
4.2619302701	360	170.307822196	4.51808434995e+32
4.25595915375	361	170.307822196	4.51808434995e+32
4.2499857608	362	170.307822196	4.51808434995e+32
4.24401008399	363	170.307822196	4.51808434995e+32
4.23803211601	364	170.307822196	4.51808434995e+32
4.23205184953	365	170.307822196	4.51808434995e+32
4.2261859554	366	170.307822196	4.51808434995e+32
4.22027193011	367	170.307822196	4.51808434995e+32
4.21437744254	368	170.307822196	4.51808434995e+32
4.20847417983	369	170.307822196	4.51808434995e+32
4.20257397268	370	170.307822196	4.51808434995e+32
4.19667187153	371	170.307822196	4.51808434995e+32
4.19076994746	372	170.307822196	4.51808434995e+32
4.18486733333	373	170.307822196	4.51808434995e+32
4.17896439236	374	170.307822196	4.51808434995e+32
4.17306097235	375	170.307822196	4.51808434995e+32
4.16715713712	376	170.307822196	4.51808434995e+32
4.1612528599	377	170.307822196	4.51808434995e+32
4.15534815194	378	170.307822196	4.51808434995e+32
4.14944300852	379	170.307822196	4.51808434995e+32
4.14353743163	380	170.307822196	4.51808434995e+32
4.13763142044	381	170.307822196	4.51808434995e+32
4.13172497532	382	170.307822196	4.51808434995e+32
4.12581809612	383	170.307822196	4.51808434995e+32
4.11991078291	384	170.307822196	4.51808434995e+32
4.11400303568	385	170.307822196	4.51808434995e+32
4.10809485444	386	170.307822196	4.51808434995e+32
4.1021862392	387	170.307822196	4.51808434995e+32
4.09627718997	388	170.307822196	4.51808434995e+32
4.09036770676	389	170.307822196	4.51808434995e+32
4.08445778958	390	170.307822196	4.51808434995e+32
4.07854743844	391	170.307822196	4.51808434995e+32
4.07263665334	392	170.307822196	4.51808434995e+32
4.06672543431	393	170.307822196	4.51808434995e+32
4.06081378135	394	170.307822196	4.51808434995e+32
4.05490169448	395	170.307822196	4.51808434995e+32
4.0489891737	396	170.307822196	4.51808434995e+32
4.04307621903	397	170.307822196	4.51808434995e+32
4.03716283048	398	170.307822196	4.51808434995e+32
4.03124900807	399	170.307822196	4.51808434995e+32
4.0253347518	400	170.307822196	4.51808434995e+32
4.0194200617	401	170.307822196	4.51808434995e+32
4.01350493777	402	170.307822196	4.51808434995e+32
4.00758938004	403	170.307822196	4.51808434995e+32
4.00167338851	404	170.307822196	4.51808434995e+32
3.99575696321	405	170.307822196	4.51808434995e+32
3.98984010414	406	170.307822196	4.51808434995e+32
3.98392281133	407	170.307822196	4.51808434995e+32
3.97800508479	408	170.307822196	4.51808434995e+32
3.97208692453	409	170.307822196	4.51808434995e+32
3.96616833059	410	170.307822196	4.51808434995e+32
3.96024930296	411	170.307822196	4.51808434995e+32
3.95432984168	412	170.307822196	4.51808434995e+32
3.94840994676	413	170.307822196	4.51808434995e+32
3.94248961822	414	170.307822196	4.51808434995e+32
3.93656885607	415	170.307822196	4.51808434995e+32
3.93064766035	416	170.307822196	4.51808434995e+32
3.92472603106	417	170.307822196	4.51808434995e+32
3.91880396823	418	170.307822196	4.51808434995e+32
3.91288147188	419	170.307822196	4.51808434995e+32
3.90695854204	420	170.307822196	4.51808434995e+32
3.90103517872	421	170.307822196	4.51808434995e+32
3.89511138194	422	170.307822196	4.51808434995e+32
3.88918715173	423	170.307822196	4.51808434995e+32
3.88326248811	424	170.307822196	4.51808434995e+32
3.87733739111	425	170.307822196	4.51808434995e+32
3.87141186075	426	170.307822196	4.51808434995e+32
3.86548589705	427	170.307822196	4.51808434995e+32
3.85955950004	428	170.307822196	4.51808434995e+32
3.85363266974	429	170.307822196	4.51808434995e+32
3.84770540619	430	170.307822196	4.51808434995e+32
3.84177770939	431	170.307822196	4.51808434995e+32
3.83584957939	432	170.307822196	4.51808434995e+32
3.82992101621	433	170.307822196	4.51808434995e+32
3.82399201987	434	170.307822196	4.51808434995e+32
3.8180625904	435	170.307822196	4.51808434995e+32
3.81213272784	436	170.307822196	4.51808434995e+32
3.80620243221	437	170.307822196	4.51808434995e+32
3.80027170354	438	170.307822196	4.51808434995e+32
3.79434054186	439	170.307822196	4.51808434995e+32
3.78840894719	440	170.307822196	4.51808434995e+32
3.78247691958	441	170.307822196	4.51808434995e+32
3.77654445905	442	170.307822196	4.51808434995e+32
3.77061156563	443	170.307822196	4.51808434995e+32
3.76467823935	444	170.307822196	4.51808434995e+32
3.75874448025	445	170.307822196	4.51808434995e+32
3.75281028836	446	170.307822196	4.51808434995e+32
3.74687566371	447	170.307822196	4.51808434995e+32
3.74094060634	448	170.307822196	4.51808434995e+32
3.73500511628	449	170.307822196	4.51808434995e+32
3.72906919356	450	170.307822196	4.51808434995e+32
3.72313283823	451	170.307822196	4.51808434995e+32
3.71719605031	452	170.307822196	4.51808434995e+32
3.71125882984	453	170.307822196	4.51808434995e+32
3.70532117686	454	170.307822196	4.51808434995e+32
3.69938309141	455	170.307822196	4.51808434995e+32
3.69344457352	456	170.307822196	4.51808434995e+32
3.68750562323	457	170.307822196	4.51808434995e+32
3.68156624058	458	170.307822196	4.51808434995e+32
3.67562642561	459	170.307822196	4.51808434995e+32
3.66968617836	460	170.307822196	4.51808434995e+32
3.66374549887	461	170.307822196	4.51808434995e+32
3.65780438717	462	170.307822196	4.51808434995e+32
3.65186284332	463	170.307822196	4.51808434995e+32
3.64592086735	464	170.307822196	4.51808434995e+32
3.6399784593	465	170.307822196	4.51808434995e+32
3.63403561922	466	170.307822196	4.51808434995e+32
3.62809234715	467	170.307822196	4.51808434995e+32
3.62214864314	468	170.307822196	4.51808434995e+32
3.61620450722	469	170.307822196	4.51808434995e+32
3.61025993944	470	170.307822196	4.51808434995e+32
3.60431493985	471	170.307822196	4.51808434995e+32
3.59836950849	472	170.307822196	4.51808434995e+32
3.59242364542	473	170.307822196	4.51808434995e+32
3.58647735067	474	170.307822196	4.51808434995e+32
3.58053062429	475	170.307822196	4.51808434995e+32
3.57458346634	476	170.307822196	4.51808434995e+32
3.56863587685	477	170.307822196	4.51808434995e+32
3.56268785589	478	170.307822196	4.51808434995e+32
3.55673940349	479	170.307822196	4.51808434995e+32
3.55079051972	480	170.307822196	4.51808434995e+32
3.54484120461	481	170.307822196	4.51808434995e+32
3.53889145822	482	170.307822196	4.51808434995e+32
3.53294128061	483	170.307822196	4.51808434995e+32
3.52699067182	484	170.307822196	4.51808434995e+32
3.52103963191	485	170.307822196	4.51808434995e+32
3.51508816093	486	170.307822196	4.51808434995e+32
3.50913625893	487	170.307822196	4.51808434995e+32
3.50318392598	488	170.307822196	4.51808434995e+32
3.49723116212	489	170.307822196	4.51808434995e+32
3.49127796742	490	170.307822196	4.51808434995e+32
3.48532434192	491	170.307822196	4.51808434995e+32
3.47937028568	492	170.307822196	4.51808434995e+32
3.47341579877	493	170.307822196	4.51808434995e+32
3.46746088124	494	170.307822196	4.51808434995e+32
3.46150553315	495	170.307822196	4.51808434995e+32
3.45554975456	496	170.307822196	4.51808434995e+32
3.44959354552	497	170.307822196	4.51808434995e+32
3.44363690611	498	170.307822196	4.51808434995e+32
3.43767983638	499	170.307822196	4.51808434995e+32
3.43172233639	500	170.307822196	4.51808434995e+32
3.4257644062	501	170.307822196	4.51808434995e+32
3.41980604588	502	170.307822196	4.51808434995e+32
3.4138472555	503	170.307822196	4.51808434995e+32
3.40788803511	504	170.307822196	4.51808434995e+32
3.40192838478	505	170.307822196	4.51808434995e+32
3.39596830458	506	170.307822196	4.51808434995e+32
3.39000779457	507	170.307822196	4.51808434995e+32
3.38404685483	508	170.307822196	4.51808434995e+32
3.37808548541	509	170.307822196	4.51808434995e+32
3.37212368638	510	170.307822196	4.51808434995e+32
3.36616145782	511	170.307822196	4.51808434995e+32
3.3601987998	512	170.307822196	4.51808434995e+32
3.35423571238	513	170.307822196	4.51808434995e+32
3.34827219564	514	170.307822196	4.51808434995e+32
3.34230824964	515	170.307822196	4.51808434995e+32
3.33634387447	516	170.307822196	4.51808434995e+32
3.33037907018	517	170.307822196	4.51808434995e+32
3.32441383686	518	170.307822196	4.51808434995e+32
3.31844817459	519	170.307822196	4.51808434995e+32
3.31248208342	520	170.307822196	4.51808434995e+32
3.30651556345	521	170.307822196	4.51808434995e+32
3.30054861475	522	170.307822196	4.51808434995e+32
3.29458123739	523	170.307822196	4.51808434995e+32
3.28861343145	524	170.307822196	4.51808434995e+32
3.28264519701	525	170.307822196	4.51808434995e+32
3.27667653416	526	170.307822196	4.51808434995e+32
3.27070744296	527	170.307822196	4.51808434995e+32
3.2647379235	528	170.307822196	4.51808434995e+32
3.25876797587	529	170.307822196	4.51808434995e+32
3.25279760014	530	170.307822196	4.51808434995e+32
3.24682679639	531	170.307822196	4.51808434995e+32
3.24085556472	532	170.307822196	4.51808434995e+32
3.2348839052	533	170.307822196	4.51808434995e+32
3.22891181792	534	170.307822196	4.51808434995e+32
3.22293930297	535	170.307822196	4.51808434995e+32
3.21696636043	536	170.307822196	4.51808434995e+32
3.21099299039	537	170.307822196	4.51808434995e+32
3.20501919293	538	170.307822196	4.51808434995e+32
3.19904496816	539	170.307822196	4.51808434995e+32
3.19307031615	540	170.307822196	4.51808434995e+32
3.18709523699	541	170.307822196	4.51808434995e+32
3.18111973079	542	170.307822196	4.51808434995e+32
3.17514379762	543	170.307822196	4.51808434995e+32
3.16916743759	544	170.307822196	4.51808434995e+32
3.16319065078	545	170.307822196	4.51808434995e+32
3.1572134373	546	170.307822196	4.51808434995e+32
3.15123579723	547	170.307822196	4.51808434995e+32
3.14525773067	548	170.307822196	4.51808434995e+32
3.13927923773	549	170.307822196	4.51808434995e+32
3.13330031849	550	170.307822196	4.51808434995e+32
3.12732097305	551	170.307822196	4.51808434995e+32
3.12134120152	552	170.307822196	4.51808434995e+32
3.115361004	553	170.307822196	4.51808434995e+32
3.10938038058	554	170.307822196	4.51808434995e+32
3.10339933137	555	170.307822196	4.51808434995e+32
3.09741785647	556	170.307822196	4.51808434995e+32
3.09143595598	557	170.307822196	4.51808434995e+32
3.08545363002	558	170.307822196	4.51808434995e+32
3.07947087867	559	170.307822196	4.51808434995e+32
3.07348770206	560	170.307822196	4.51808434995e+32
3.06750410029	561	170.307822196	4.51808434995e+32
3.06152007346	562	170.307822196	4.51808434995e+32
3.05553562168	563	170.307822196	4.51808434995e+32
3.04955074507	564	170.307822196	4.51808434995e+32
3.04356544374	565	170.307822196	4.51808434995e+32
3.03757971779	566	170.307822196	4.51808434995e+32
3.03159356733	567	170.307822196	4.51808434995e+32
3.0256069925	568	170.307822196	4.51808434995e+32
3.01961999338	569	170.307822196	4.51808434995e+32
3.01363257011	570	170.307822196	4.51808434995e+32
3.0076447228	571	170.307822196	4.51808434995e+32
3.00165645157	572	170.307822196	4.51808434995e+32
2.99566775652	573	170.307822196	4.51808434995e+32
2.98967863779	574	170.307822196	4.51808434995e+32
2.98368909549	575	170.307822196	4.51808434995e+32
2.97769912975	576	170.307822196	4.51808434995e+32
2.97170874068	577	170.307822196	4.51808434995e+32
2.96571792841	578	170.307822196	4.51808434995e+32
2.95972669306	579	170.307822196	4.51808434995e+32
2.95373503476	580	170.307822196	4.51808434995e+32
2.94774295364	581	170.307822196	4.51808434995e+32
2.94175044981	582	170.307822196	4.51808434995e+32
2.93575752341	583	170.307822196	4.51808434995e+32
2.92976417457	584	170.307822196	4.51808434995e+32
2.92377040341	585	170.307822196	4.51808434995e+32
2.91777621008	586	170.307822196	4.51808434995e+32
2.91178159469	587	170.307822196	4.51808434995e+32
2.90578655739	588	170.307822196	4.51808434995e+32
2.8997910983	589	170.307822196	4.51808434995e+32
2.89379521757	590	170.307822196	4.51808434995e+32
2.88779891533	591	170.307822196	4.51808434995e+32
2.88180219171	592	170.307822196	4.51808434995e+32
2.87580504685	593	170.307822196	4.51808434995e+32
2.86980748091	594	170.307822196	4.51808434995e+32
2.863809494	595	170.307822196	4.51808434995e+32
2.85781108629	596	170.307822196	4.51808434995e+32
2.8518122579	597	170.307822196	4.51808434995e+32
2.84581300898	598	170.307822196	4.51808434995e+32
2.83981333969	599	170.307822196	4.51808434995e+32
2.83381325016	600	170.307822196	4.51808434995e+32
2.82781274054	601	170.307822196	4.51808434995e+32
2.82181181098	602	170.307822196	4.51808434995e+32
2.81581046163	603	170.307822196	4.51808434995e+32
2.80980869264	604	170.307822196	4.51808434995e+32
2.80380650417	605	170.307822196	4.51808434995e+32
2.79780389636	606	170.307822196	4.51808434995e+32
2.79180086937	607	170.307822196	4.51808434995e+32
2.78579742336	608	170.307822196	4.51808434995e+32
2.77979355848	609	170.307822196	4.51808434995e+32
2.77378927489	610	170.307822196	4.51808434995e+32
2.76778457275	611	170.307822196	4.51808434995e+32
2.76177945222	612	170.307822196	4.51808434995e+32
2.75577391346	613	170.307822196	4.51808434995e+32
2.74976795663	614	170.307822196	4.51808434995e+32
2.74376158191	615	170.307822196	4.51808434995e+32
2.73775478945	616	170.307822196	4.51808434995e+32
2.73174757942	617	170.307822196	4.51808434995e+32
2.72573995198	618	170.307822196	4.51808434995e+32
2.71973190732	619	170.307822196	4.51808434995e+32
2.71372344559	620	170.307822196	4.51808434995e+32
2.70771456698	621	170.307822196	4.51808434995e+32
2.70170527165	622	170.307822196	4.51808434995e+32
2.69569555977	623	170.307822196	4.51808434995e+32
2.68968543153	624	170.307822196	4.51808434995e+32
2.6836748871	625	170.307822196	4.51808434995e+32
2.67766392666	626	170.307822196	4.51808434995e+32
2.67165255038	627	170.307822196	4.51808434995e+32
2.66564075846	628	170.307822196	4.51808434995e+32
2.65962855107	629	170.307822196	4.51808434995e+32
2.65361592839	630	170.307822196	4.51808434995e+32
2.64760289062	631	170.307822196	4.51808434995e+32
2.64158943794	632	170.307822196	4.51808434995e+32
2.63557557053	633	170.307822196	4.51808434995e+32
2.6295612886	634	170.307822196	4.51808434995e+32
2.62354659231	635	170.307822196	4.51808434995e+32
2.61753148188	636	170.307822196	4.51808434995e+32
2.6115159575	637	170.307822196	4.51808434995e+32
2.60550001935	638	170.307822196	4.51808434995e+32
2.59948366764	639	170.307822196	4.51808434995e+32
2.59346690257	640	170.307822196	4.51808434995e+32
2.58744972433	641	170.307822196	4.51808434995e+32
2.58143213312	642	170.307822196	4.51808434995e+32
2.57541412916	643	170.307822196	4.51808434995e+32
2.56939571264	644	170.307822196	4.51808434995e+32
2.56337688377	645	170.307822196	4.51808434995e+32
2.55735764276	646	170.307822196	4.51808434995e+32
2.55133798982	647	170.307822196	4.51808434995e+32
2.54531792516	648	170.307822196	4.51808434995e+32
2.53929744898	649	170.307822196	4.51808434995e+32
2.53327656151	650	170.307822196	4.51808434995e+32
2.52725526296	651	170.307822196	4.51808434995e+32
2.52123355355	652	170.307822196	4.51808434995e+32
2.5152114335	653	170.307822196	4.51808434995e+32
2.50918890302	654	170.307822196	4.51808434995e+32
2.50316596234	655	170.307822196	4.51808434995e+32
2.49714261168	656	170.307822196	4.51808434995e+32
2.49111885128	657	170.307822196	4.51808434995e+32
2.48509468135	658	170.307822196	4.51808434995e+32
2.47907010213	659	170.307822196	4.51808434995e+32
2.47304511384	660	170.307822196	4.51808434995e+32
2.46701971672	661	170.307822196	4.51808434995e+32
2.460993911	662	170.307822196	4.51808434995e+32
2.45496769693	663	170.307822196	4.51808434995e+32
2.44894107473	664	170.307822196	4.51808434995e+32
2.44291404465	665	170.307822196	4.51808434995e+32
2.43688660693	666	170.307822196	4.51808434995e+32
2.43085876181	667	170.307822196	4.51808434995e+32
2.42483050953	668	170.307822196	4.51808434995e+32
2.41880185036	669	170.307822196	4.51808434995e+32
2.41277278452	670	170.307822196	4.51808434995e+32
2.40674331228	671	170.307822196	4.51808434995e+32
2.40071343389	672	170.307822196	4.51808434995e+32
2.39468314959	673	170.307822196	4.51808434995e+32
2.38865245966	674	170.307822196	4.51808434995e+32
2.38262136434	675	170.307822196	4.51808434995e+32
2.37658986391	676	170.307822196	4.51808434995e+32
2.37055795861	677	170.307822196	4.51808434995e+32
2.36452564871	678	170.307822196	4.51808434995e+32
2.35849293449	679	170.307822196	4.51808434995e+32
2.35245981621	680	170.307822196	4.51808434995e+32
2.34642629414	681	170.307822196	4.51808434995e+32
2.34039236855	682	170.307822196	4.51808434995e+32
2.33435803972	683	170.307822196	4.51808434995e+32
2.32832330792	684	170.307822196	4.51808434995e+32
2.32228817344	685	170.307822196	4.51808434995e+32
2.31625263655	686	170.307822196	4.51808434995e+32
2.31021669755	687	170.307822196	4.51808434995e+32
2.3041803567	688	170.307822196	4.51808434995e+32
2.29814361431	689	170.307822196	4.51808434995e+32
2.29210647066	690	170.307822196	4.51808434995e+32
2.28606892605	691	170.307822196	4.51808434995e+32
2.28003098076	692	170.307822196	4.51808434995e+32
2.2739926351	693	170.307822196	4.51808434995e+32
2.26795388936	694	170.307822196	4.51808434995e+32
2.26191474385	695	170.307822196	4.51808434995e+32
2.25587519886	696	170.307822196	4.51808434995e+32
2.24983525471	697	170.307822196	4.51808434995e+32
2.24379491171	698	170.307822196	4.51808434995e+32
2.23775417016	699	170.307822196	4.51808434995e+32
2.23171303037	700	170.307822196	4.51808434995e+32
2.22567149267	701	170.307822196	4.51808434995e+32
2.21962955736	702	170.307822196	4.51808434995e+32
2.21358722478	703	170.307822196	4.51808434995e+32
2.20754449524	704	170.307822196	4.51808434995e+32
2.20150136907	705	170.307822196	4.51808434995e+32
2.19545784659	706	170.307822196	4.51808434995e+32
2.18941392815	707	170.307822196	4.51808434995e+32
2.18336961406	708	170.307822196	4.51808434995e+32
2.17732490467	709	170.307822196	4.51808434995e+32
2.17127980031	710	170.307822196	4.51808434995e+32
2.16523430133	711	170.307822196	4.51808434995e+32
2.15918840807	712	170.307822196	4.51808434995e+32
2.15314212087	713	170.307822196	4.51808434995e+32
2.14709544009	714	170.307822196	4.51808434995e+32
2.14104836607	715	170.307822196	4.51808434995e+32
2.13500089918	716	170.307822196	4.51808434995e+32
2.12895303976	717	170.307822196	4.51808434995e+32
2.12290478818	718	170.307822196	4.51808434995e+32
2.1168561448	719	170.307822196	4.51808434995e+32
2.11080710999	720	170.307822196	4.51808434995e+32
2.10475768411	721	170.307822196	4.51808434995e+32
2.09870786754	722	170.307822196	4.51808434995e+32
2.09265766065	723	170.307822196	4.51808434995e+32
2.08660706382	724	170.307822196	4.51808434995e+32
2.08055607744	725	170.307822196	4.51808434995e+32
2.07450470187	726	170.307822196	4.51808434995e+32
2.06845293752	727	170.307822196	4.51808434995e+32
2.06240078476	728	170.307822196	4.51808434995e+32
2.056348244	729	170.307822196	4.51808434995e+32
2.05029531563	730	170.307822196	4.51808434995e+32
2.04424200005	731	170.307822196	4.51808434995e+32
2.03818829766	732	170.307822196	4.51808434995e+32
2.03213420886	733	170.307822196	4.51808434995e+32
2.02607973407	734	170.307822196	4.51808434995e+32
2.0200248737	735	170.307822196	4.51808434995e+32
2.01396962816	736	170.307822196	4.51808434995e+32
2.00791399788	737	170.307822196	4.51808434995e+32
2.00185798326	738	170.307822196	4.51808434995e+32
1.99580158475	739	170.307822196	4.51808434995e+32
1.98974480277	740	170.307822196	4.51808434995e+32
1.98368763775	741	170.307822196	4.51808434995e+32
1.97763009013	742	170.307822196	4.51808434995e+32
1.97157216035	743	170.307822196	4.51808434995e+32
1.96551384884	744	170.307822196	4.51808434995e+32
1.95945515607	745	170.307822196	4.51808434995e+32
1.95339608248	746	170.307822196	4.51808434995e+32
1.94733662852	747	170.307822196	4.51808434995e+32
1.94127679465	748	170.307822196	4.51808434995e+32
1.93521658134	749	170.307822196	4.51808434995e+32
1.92915598904	750	170.307822196	4.51808434995e+32
1.92309501824	751	170.307822196	4.51808434995e+32
1.9170336694	752	170.307822196	4.51808434995e+32
1.910971943	753	170.307822196	4.51808434995e+32
1.90490983952	754	170.307822196	4.51808434995e+32
1.89884735945	755	170.307822196	4.51808434995e+32
1.89278450327	756	170.307822196	4.51808434995e+32
1.88672127149	757	170.307822196	4.51808434995e+32
1.88065766459	758	170.307822196	4.51808434995e+32
1.87459368308	759	170.307822196	4.51808434995e+32
1.86852932747	760	170.307822196	4.51808434995e+32
1.86246459827	761	170.307822196	4.51808434995e+32
1.85639949598	762	170.307822196	4.51808434995e+32
1.85033402114	763	170.307822196	4.51808434995e+32
1.84426817426	764	170.307822196	4.51808434995e+32
1.83820195588	765	170.307822196	4.51808434995e+32
1.83213536651	766	170.307822196	4.51808434995e+32
1.82606840671	767	170.307822196	4.51808434995e+32
1.82000107701	768	170.307822196	4.51808434995e+32
1.81393337796	769	170.307822196	4.51808434995e+32
1.80786531012	770	170.307822196	4.51808434995e+32
1.80179687402	771	170.307822196	4.51808434995e+32
1.79572807025	772	170.307822196	4.51808434995e+32
1.78965889935	773	170.307822196	4.51808434995e+32
1.78358936191	774	170.307822196	4.51808434995e+32
1.7775194585	775	170.307822196	4.51808434995e+32
1.77144918969	776	170.307822196	4.51808434995e+32
1.76537855607	777	170.307822196	4.51808434995e+32
1.75930755824	778	170.307822196	4.51808434995e+32
1.75323619679	779	170.307822196	4.51808434995e+32
1.74716447232	780	170.307822196	4.51808434995e+32
1.74109238543	781	170.307822196	4.51808434995e+32
1.73501993674	782	170.307822196	4.51808434995e+32
1.72894712687	783	170.307822196	4.51808434995e+32
1.72287395643	784	170.307822196	4.51808434995e+32
1.71680042606	785	170.307822196	4.51808434995e+32
1.71072653638	786	170.307822196	4.51808434995e+32
1.70465228804	787	170.307822196	4.51808434995e+32
1.69857768169	788	170.307822196	4.51808434995e+32
1.69250271796	789	170.307822196	4.51808434995e+32
1.68642739753	790	170.307822196	4.51808434995e+32
1.68035172105	791	170.307822196	4.51808434995e+32
1.67427568919	792	170.307822196	4.51808434995e+32
1.66819930262	793	170.307822196	4.51808434995e+32
1.66212256203	794	170.307822196	4.51808434995e+32
1.65604546811	795	170.307822196	4.51808434995e+32
1.64996802154	796	170.307822196	4.51808434995e+32
1.64389022302	797	170.307822196	4.51808434995e+32
1.63781207327	798	170.307822196	4.51808434995e+32
1.63173357299	799	170.307822196	4.51808434995e+32
1.62565472291	800	170.307822196	4.51808434995e+32
1.61957552374	801	170.307822196	4.51808434995e+32
1.61349597623	802	170.307822196	4.51808434995e+32
1.60741608111	803	170.307822196	4.51808434995e+32
1.60133583913	804	170.307822196	4.51808434995e+32
1.59525525104	805	170.307822196	4.51808434995e+32
1.5891743176	806	170.307822196	4.51808434995e+32
1.58309303957	807	170.307822196	4.51808434995e+32
1.57701141775	808	170.307822196	4.51808434995e+32
1.5709294529	809	170.307822196	4.51808434995e+32
1.56484714581	810	170.307822196	4.51808434995e+32
1.55876449729	811	170.307822196	4.51808434995e+32
1.55268150814	812	170.307822196	4.51808434995e+32
1.54659817917	813	170.307822196	4.51808434995e+32
1.5405145112	814	170.307822196	4.51808434995e+32
1.53443050506	815	170.307822196	4.51808434995e+32
1.52834616159	816	170.307822196	4.51808434995e+32
1.52226148162	817	170.307822196	4.51808434995e+32
1.51617646603	818	170.307822196	4.51808434995e+32
1.51009111565	819	170.307822196	4.51808434995e+32
1.50400543137	820	170.307822196	4.51808434995e+32
1.49791941407	821	170.307822196	4.51808434995e+32
1.49183306462	822	170.307822196	4.51808434995e+32
1.48574638393	823	170.307822196	4.51808434995e+32
1.4796593729	824	170.307822196	4.51808434995e+32
1.47357203244	825	170.307822196	4.51808434995e+32
1.46748436348	826	170.307822196	4.51808434995e+32
1.46139636694	827	170.307822196	4.51808434995e+32
1.45530804378	828	170.307822196	4.51808434995e+32
1.44921939494	829	170.307822196	4.51808434995e+32
1.44313042138	830	170.307822196	4.51808434995e+32
1.43704112407	831	170.307822196	4.51808434995e+32
1.430951504	832	170.307822196	4.51808434995e+32
1.42486156214	833	170.307822196	4.51808434995e+32
1.41877129952	834	170.307822196	4.51808434995e+32
1.41268071712	835	170.307822196	4.51808434995e+32
1.40658981599	836	170.307822196	4.51808434995e+32
1.40049859714	837	170.307822196	4.51808434995e+32
1.39440706162	838	170.307822196	4.51808434995e+32
1.38831521049	839	170.307822196	4.51808434995e+32
1.38222304481	840	170.307822196	4.51808434995e+32
1.37613056565	841	170.307822196	4.51808434995e+32
1.37003777411	842	170.307822196	4.51808434995e+32
1.36394467128	843	170.307822196	4.51808434995e+32
1.35785125828	844	170.307822196	4.51808434995e+32
1.35175753622	845	170.307822196	4.51808434995e+32
1.34566350625	846	170.307822196	4.51808434995e+32
1.3395691695	847	170.307822196	4.51808434995e+32
1.33347452714	848	170.307822196	4.51808434995e+32
1.32737958035	849	170.307822196	4.51808434995e+32
1.3212843303	850	170.307822196	4.51808434995e+32
1.3151887782	851	170.307822196	4.51808434995e+32
1.30909292525	852	170.307822196	4.51808434995e+32
1.30299677269	853	170.307822196	4.51808434995e+32
1.29690032174	854	170.307822196	4.51808434995e+32
1.29080357367	855	170.307822196	4.51808434995e+32
1.28470652973	856	170.307822196	4.51808434995e+32
1.27860919122	857	170.307822196	4.51808434995e+32
1.27251155941	858	170.307822196	4.51808434995e+32
1.26641363563	859	170.307822196	4.51808434995e+32
1.2603154212	860	170.307822196	4.51808434995e+32
1.25421691746	861	170.307822196	4.51808434995e+32
1.24811812576	862	170.307822196	4.51808434995e+32
1.24201904748	863	170.307822196	4.51808434995e+32
1.23591968399	864	170.307822196	4.51808434995e+32
1.22982003672	865	170.307822196	4.51808434995e+32
1.22372010706	866	170.307822196	4.51808434995e+32
1.21761989646	867	170.307822196	4.51808434995e+32
1.21151940638	868	170.307822196	4.51808434995e+32
1.20541863828	869	170.307822196	4.51808434995e+32
1.19931759366	870	170.307822196	4.51808434995e+32
1.193216274	871	170.307822196	4.51808434995e+32
1.18711468085	872	170.307822196	4.51808434995e+32
1.18101281575	873	170.307822196	4.51808434995e+32
1.17491068024	874	170.307822196	4.51808434995e+32
1.16880827592	875	170.307822196	4.51808434995e+32
1.16270560439	876	170.307822196	4.51808434995e+32
1.15660266725	877	170.307822196	4.51808434995e+32
1.15049946616	878	170.307822196	4.51808434995e+32
1.14439600277	879	170.307822196	4.51808434995e+32
1.13829227875	880	170.307822196	4.51808434995e+32
1.13218829582	881	170.307822196	4.51808434995e+32
1.1260840557	882	170.307822196	4.51808434995e+32
1.11997956012	883	170.307822196	4.51808434995e+32
1.11387481087	884	170.307822196	4.51808434995e+32
1.10776980971	885	170.307822196	4.51808434995e+32
1.10166455848	886	170.307822196	4.51808434995e+32
1.095559059	887	170.307822196	4.51808434995e+32
1.08945331314	888	170.307822196	4.51808434995e+32
1.08334732277	889	170.307822196	4.51808434995e+32
1.07724108981	890	170.307822196	4.51808434995e+32
1.0711346162	891	170.307822196	4.51808434995e+32
1.06502790389	892	170.307822196	4.51808434995e+32
1.05892095486	893	170.307822196	4.51808434995e+32
1.05281377114	894	170.307822196	4.51808434995e+32
1.04670635476	895	170.307822196	4.51808434995e+32
1.04059870779	896	170.307822196	4.51808434995e+32
1.03449083232	897	170.307822196	4.51808434995e+32
1.02838273049	898	170.307822196	4.51808434995e+32
1.02227440444	899	170.307822196	4.51808434995e+32
1.01616585636	900	170.307822196	4.51808434995e+32
1.01005708847	901	170.307822196	4.51808434995e+32
1.003948103	902	170.307822196	4.51808434995e+32
0.997838902243	903	170.307822196	4.51808434995e+32
0.991729488503	904	170.307822196	4.51808434995e+32
0.985619864123	905	170.307822196	4.51808434995e+32
0.97951003148	906	170.307822196	4.51808434995e+32
0.973399992986	907	170.307822196	4.51808434995e+32
0.967289751087	908	170.307822196	4.51808434995e+32
0.961179308265	909	170.307822196	4.51808434995e+32
0.955068667039	910	170.307822196	4.51808434995e+32
0.948957829964	911	170.307822196	4.51808434995e+32
0.942846799636	912	170.307822196	4.51808434995e+32
0.936735578687	913	170.307822196	4.51808434995e+32
0.93062416979	914	170.307822196	4.51808434995e+32
0.92451257566	915	170.307822196	4.51808434995e+32
0.91840079905	916	170.307822196	4.51808434995e+32
0.91228884276	917	170.307822196	4.51808434995e+32
0.90617670963	918	170.307822196	4.51808434995e+32
0.900064402546	919	170.307822196	4.51808434995e+32
0.893951924438	920	170.307822196	4.51808434995e+32
0.887839278283	921	170.307822196	4.51808434995e+32
0.881726467107	922	170.307822196	4.51808434995e+32
0.875613493981	923	170.307822196	4.51808434995e+32
0.86950036203	924	170.307822196	4.51808434995e+32
0.863387074425	925	170.307822196	4.51808434995e+32
0.857273634394	926	170.307822196	4.51808434995e+32
0.851160045214	927	170.307822196	4.51808434995e+32
0.845046310217	928	170.307822196	4.51808434995e+32
0.838932432794	929	170.307822196	4.51808434995e+32
0.83281841639	930	170.307822196	4.51808434995e+32
0.826704264509	931	170.307822196	4.51808434995e+32
0.820589980715	932	170.307822196	4.51808434995e+32
0.814475568634	933	170.307822196	4.51808434995e+32
0.808361031954	934	170.307822196	4.51808434995e+32
0.802246374428	935	170.307822196	4.51808434995e+32
0.796131599875	936	170.307822196	4.51808434995e+32
0.790016712181	937	170.307822196	4.51808434995e+32
0.783901715303	938	170.307822196	4.51808434995e+32
0.777786613268	939	170.307822196	4.51808434995e+32
0.771671410176	940	170.307822196	4.51808434995e+32
0.765556110204	941	170.307822196	4.51808434995e+32
0.759440717604	942	170.307822196	4.51808434995e+32
0.753325236707	943	170.307822196	4.51808434995e+32
0.747209671926	944	170.307822196	4.51808434995e+32
0.741094027759	945	170.307822196	4.51808434995e+32
0.734978308786	946	170.307822196	4.51808434995e+32
0.728862519678	947	170.307822196	4.51808434995e+32
0.722746665195	948	170.307822196	4.51808434995e+32
0.716630750191	949	170.307822196	4.51808434995e+32
0.710514779616	950	170.307822196	4.51808434995e+32
0.704398758518	951	170.307822196	4.51808434995e+32
0.698282692044	952	170.307822196	4.51808434995e+32
0.692166585449	953	170.307822196	4.51808434995e+32
0.686050444093	954	170.307822196	4.51808434995e+32
0.679934273446	955	170.307822196	4.51808434995e+32
0.673818079095	956	170.307822196	4.51808434995e+32
0.667701866739	957	170.307822196	4.51808434995e+32
0.661585642203	958	170.307822196	4.51808434995e+32
0.655469411432	959	170.307822196	4.51808434995e+32
0.649353180503	960	170.307822196	4.51808434995e+32
0.643236955623	961	170.307822196	4.51808434995e+32
0.637120743136	962	170.307822196	4.51808434995e+32
0.631004549528	963	170.307822196	4.51808434995e+32
0.624888381429	964	170.307822196	4.51808434995e+32
0.61877224562	965	170.307822196	4.51808434995e+32
0.612656149037	966	170.307822196	4.51808434995e+32
0.606540098776	967	170.307822196	4.51808434995e+32
0.600424102101	968	170.307822196	4.51808434995e+32
0.594308166443	969	170.307822196	4.51808434995e+32
0.588192299414	970	170.307822196	4.51808434995e+32
0.582076508809	971	170.307822196	4.51808434995e+32
0.57596080261	972	170.307822196	4.51808434995e+32
0.569845189	973	170.307822196	4.51808434995e+32
0.563729676361	974	170.307822196	4.51808434995e+32
0.557614273291	975	170.307822196	4.51808434995e+32
0.551498988602	976	170.307822196	4.51808434995e+32
0.545383831337	977	170.307822196	4.51808434995e+32
0.539268810772	978	170.307822196	4.51808434995e+32
0.533153936429	979	170.307822196	4.51808434995e+32
0.527039218082	980	170.307822196	4.51808434995e+32
0.520924665771	981	170.307822196	4.51808434995e+32
0.514810289808	982	170.307822196	4.51808434995e+32
0.508696100792	983	170.307822196	4.51808434995e+32
0.502582109617	984	170.307822196	4.51808434995e+32
0.496468327488	985	170.307822196	4.51808434995e+32
0.490354765928	986	170.307822196	4.51808434995e+32
0.484241436799	987	170.307822196	4.51808434995e+32
0.47812835231	988	170.307822196	4.51808434995e+32
0.472015525035	989	170.307822196	4.51808434995e+32
0.465902967927	990	170.307822196	4.51808434995e+32
0.459790694339	991	170.307822196	4.51808434995e+32
0.453678718036	992	170.307822196	4.51808434995e+32
0.447567053218	993	170.307822196	4.51808434995e+32
0.441455714539	994	170.307822196	4.51808434995e+32
0.435344717129	995	170.307822196	4.51808434995e+32
0.429234076614	996	170.307822196	4.51808434995e+32
0.423123809142	997	170.307822196	4.51808434995e+32
0.417013931409	998	170.307822196	4.51808434995e+32
0.410904460684	999	170.307822196	4.51808434995e+32
0.404795414841	1000	170.307822196	4.51808434995e+32
0.398686812388	1001	170.307822196	4.51808434995e+32
0.392578672498	1002	170.307822196	4.51808434995e+32
0.38647101505	1003	170.307822196	4.51808434995e+32
0.38036386066	1004	170.307822196	4.51808434995e+32
0.374257230727	1005	170.307822196	4.51808434995e+32
0.368151147474	1006	170.307822196	4.51808434995e+32
0.362045633993	1007	170.307822196	4.51808434995e+32
0.355940714298	1008	170.307822196	4.51808434995e+32
0.349836413379	1009	170.307822196	4.51808434995e+32
0.343732757256	1010	170.307822196	4.51808434995e+32
0.337629773046	1011	170.307822196	4.51808434995e+32
0.331527489031	1012	170.307822196	4.51808434995e+32
0.325425934725	1013	170.307822196	4.51808434995e+32
0.319325140963	1014	170.307822196	4.51808434995e+32
0.313225139979	1015	170.307822196	4.51808434995e+32
0.307125965504	1016	170.307822196	4.51808434995e+32
0.301027652866	1017	170.307822196	4.51808434995e+32
0.294930239104	1018	170.307822196	4.51808434995e+32
0.288833763087	1019	170.307822196	4.51808434995e+32
0.282738265646	1020	170.307822196	4.51808434995e+32
0.276643789725	1021	170.307822196	4.51808434995e+32
0.270550380537	1022	170.307822196	4.51808434995e+32
0.264458085739	1023	170.307822196	4.51808434995e+32
0.258366955635	1024	170.307822196	4.51808434995e+32
0.25227704338	1025	170.307822196	4.51808434995e+32
0.24618840523	1026	170.307822196	4.51808434995e+32
0.240101100798	1027	170.307822196	4.51808434995e+32
0.234015193356	1028	170.307822196	4.51808434995e+32
0.227930750163	1029	170.307822196	4.51808434995e+32
0.221847842836	1030	170.307822196	4.51808434995e+32
0.215766547762	1031	170.307822196	4.51808434995e+32
0.209686946574	1032	170.307822196	4.51808434995e+32
0.203609126674	1033	170.307822196	4.51808434995e+32
0.197533181838	1034	170.307822196	4.51808434995e+32
0.191459212901	1035	170.307822196	4.51808434995e+32
0.185387328541	1036	170.307822196	4.51808434995e+32
0.179317646176	1037	170.307822196	4.51808434995e+32
0.173250293007	1038	170.307822196	4.51808434995e+32
0.167185407216	1039	170.307822196	4.51808434995e+32
0.161123139367	1040	170.307822196	4.51808434995e+32
0.15506365405	1041	170.307822196	4.51808434995e+32
0.149007131804	1042	170.307822196	4.51808434995e+32
0.142953771412	1043	170.307822196	4.51808434995e+32
0.136903792623	1044	170.307822196	4.51808434995e+32
0.130857439428	1045	170.307822196	4.51808434995e+32
0.124814984027	1046	170.307822196	4.51808434995e+32
0.118776731662	1047	170.307822196	4.51808434995e+32
0.112743026576	1048	170.307822196	4.51808434995e+32
0.106714259418	1049	170.307822196	4.51808434995e+32
